Name,Accumulated cases,Accumulated deaths
São Paulo,1010883,40436
Rio de Janeiro,848237,35438
Brasília,631233,11217
Fortaleza,349824,10249
Belo Horizonte,319566,7176
Salvador,269901,8250
Manaus,262451,9617
Curitiba,239812,7925
Goiânia,234278,7086
Porto Alegre,222500,5929
Uberlândia,182536,3248
Recife,179464,5805
Campo Grande,159504,4216
Joinville,147795,2154
Aracaju,141566,2461
Campinas,127030,4757
Londrina,126932,2298
João Pessoa,122310,3061
Cuiabá,119611,3589
Natal,119251,2822
Teresina,115873,2671
Florianópolis,114586,1168
Serra,114294,1646
Belém,112578,5178
Boa Vista,111720,1593
São José do Rio Preto,108520,2921
Caxias do Sul,106761,1484
Maceió,105672,2845
Vila Velha,104155,1873
Aparecida de Goiânia,102877,1815
São José dos Campos,102529,2103
Porto Velho,96248,2555
Vitória,95318,1346
Maringá,92811,1663
Ribeirão Preto,90072,3130
Sorocaba,83999,2977
São Gonçalo,83198,3447
Macapá,80270,1527
Blumenau,77424,722
Cariacica,76022,1500
São Bernardo do Campo,72411,3475
Ponta Grossa,71536,1415
Piracicaba,71475,1475
Uberaba,70989,1441
Palmas,69710,688
Santo André,69401,3245
Foz do Iguaçu,67575,1218
Guarulhos,67118,5169
Niterói,66150,2635
Santos,64239,2355
Pelotas,63957,1243
Feira de Santana,63646,1103
Cascavel,60727,1155
Bauru,59936,1321
Jundiaí,59782,1671
Anápolis,57751,1855
Contagem,56907,1983
Parauapebas,56776,511
Canoas,56514,1724
Chapecó,54380,810
Juiz de Fora,53573,2118
Santa Maria,53183,860
São Luís,51467,2591
Campina Grande,50932,1189
Passo Fundo,50701,736
Rio Branco,50543,1118
Montes Claros,48894,996
Criciúma,47936,687
Várzea Grande,47881,1469
Volta Redonda,47426,1329
Linhares,47025,466
Itajaí,46946,821
Osasco,46832,2794
Luziânia,46428,533
São José,45976,643
São José dos Pinhais,45129,1123
Campos dos Goytacazes,44667,2046
Araguaína,44443,577
Macaé,43268,846
Cachoeiro de Itapemirim,43103,668
Dourados,42665,701
Ipatinga,41684,931
Jaraguá do Sul,41583,443
Caruaru,41089,726
Rondonópolis,40899,956
Barra Mansa,40467,713
Vitória da Conquista,40377,660
Rio Verde,39211,835
Novo Hamburgo,38962,1014
Jaboatão dos Guararapes,38786,1771
Governador Valadares,38628,1370
Franca,38490,981
Betim,38354,1388
Palhoça,38129,378
Toledo,37766,474
Itabuna,37536,736
Araucária,37212,562
Parnamirim,37148,562
Presidente Prudente,36328,945
Barueri,36309,1194
Lages,36306,552
Guarapuava,35940,639
Mogi das Cruzes,35616,1763
Colatina,35611,383
Nova Iguaçu,35575,2168
Araçatuba,35334,959
Colombo,35239,897
Petrolina,34926,552
Teresópolis,34812,939
Sobral,34662,756
Carapicuíba,34600,1199
Mossoró,34401,609
Brusque,34039,335
São Leopoldo,33900,816
Mauá,33616,1612
Belford Roxo,33512,981
Marília,33391,1012
Juazeiro do Norte,33329,679
Balneário Camboriú,32870,465
Arapiraca,32705,541
Pouso Alegre,32649,475
Petrópolis,32141,1560
Nova Friburgo,32140,886
Rio Grande,31910,599
Aracruz,31495,260
Duque de Caxias,31298,1832
Sete Lagoas,30701,631
Sumaré,30622,884
Sinop,30511,468
Olinda,30508,1044
Bento Gonçalves,30291,418
Caucaia,30123,993
Santana,29798,212
Taubaté,29558,1025
Pinhais,29480,613
Limeira,29390,1203
Gravataí,29075,991
Umuarama,29050,359
Camaçari,28828,643
Maracanaú,28660,807
Itabira,28508,391
São Carlos,28489,558
Santa Cruz do Sul,28413,359
Praia Grande,28391,1077
Botucatu,28307,340
Ji-Paraná,27740,632
Diadema,27696,1477
Indaiatuba,27580,767
Americana,27461,893
Lauro de Freitas,27370,532
Ananindeua,27355,836
Ituiutaba,27210,478
Ariquemes,27201,538
Araxá,27153,258
Campo Largo,26962,510
Senador Canedo,26762,432
Alvorada,26693,838
Jacareí,26666,805
Hortolândia,26560,793
Paranaguá,26368,577
Suzano,25967,984
Guarapari,25791,474
Tubarão,25694,508
Santarém,25664,1034
Varginha,25361,359
Francisco Beltrão,25353,284
Mogi Guaçu,25336,626
Nova Lima,25254,249
Patos de Minas,25231,584
Divinópolis,24960,676
Bragança Paulista,24887,606
Itu,24715,539
Araguari,24649,486
Araraquara,24261,572
Itaboraí,24018,920
Ilhéus,23851,599
São Mateus,23678,320
Santa Bárbara d'Oeste,23633,838
São João de Meriti,23204,1423
Imperatriz,23016,886
Campo Mourão,22694,357
Guarujá,22690,1344
Barreiras,22684,348
Cabo Frio,22543,948
Poços de Caldas,22135,524
Três Lagoas,22106,521
Viamão,22040,786
Tangará da Serra,22010,374
Telêmaco Borba,21776,392
Fazenda Rio Grande,21690,479
Teixeira de Freitas,21504,344
Juazeiro,21450,454
São Caetano do Sul,21349,1000
Cacoal,21284,331
Santa Rosa,21249,210
Jequié,21162,399
Passos,21119,346
Pato Branco,21030,308
Ubá,21020,338
Maricá,20972,724
Lucas do Rio Verde,20837,208
Itaquaquecetuba,20821,1089
Erechim,20765,213
Valparaíso de Goiás,20703,419
Marabá,20662,515
Angra dos Reis,20486,586
Ribeirão das Neves,20415,841
Caraguatatuba,20373,486
Sertãozinho,20167,515
Jataí,19842,417
Rio das Ostras,19770,536
Sapucaia do Sul,19723,571
Magé,19701,691
Conselheiro Lafaiete,19694,290
Resende,19646,551
Concórdia,19527,235
Crato,19489,240
Lajeado,19436,225
Ijuí,19391,269
Barretos,19351,601
São Vicente,19350,1360
Nossa Senhora do Socorro,19237,583
Araras,19218,420
Corumbá,19168,493
Arapongas,19097,606
Taboão da Serra,19071,987
Sorriso,18987,237
Unaí,18973,281
Lavras,18884,180
Birigui,18878,621
Salto,18787,449
Paranavaí,18595,317
Redenção,18513,261
Sarandi,18496,348
Itaúna,18483,287
Primavera do Leste,18467,336
Parnaíba,18317,465
Altamira,18136,346
Cotia,18030,686
Itapetininga,18009,562
Gurupi,17860,280
Cachoeirinha,17734,500
Itapema,17716,273
Cambé,17667,365
Garanhuns,17644,311
Itaperuna,17526,292
Vilhena,17449,290
Trindade,17443,527
Ourinhos,17359,540
Viana,17271,295
Camboriú,17204,200
Formiga,16887,273
Itumbiara,16874,482
Valinhos,16769,449
Santana de Parnaíba,16674,405
Catanduva,16624,642
Esteio,16562,391
Votuporanga,16494,476
Uruguaiana,16458,464
Franco da Rocha,16423,413
Sapiranga,16378,346
Paulínia,16346,324
Piraquara,16286,345
Cianorte,16268,187
Porto Seguro,16111,284
Teófilo Otoni,16013,337
Sant'Ana do Livramento,15954,197
Alagoinhas,15872,334
Itacoatiara,15748,331
Castro,15642,259
Crateús,15560,237
Apucarana,15556,492
Videira,15556,127
Lençóis Paulista,15553,187
Itajubá,15542,443
Itabirito,15530,165
Santo Antônio de Jesus,15446,174
Mineiros,15431,294
Itatiba,15405,225
São João del Rei,15387,228
Patos,15354,283
Pindamonhangaba,15316,469
Paracatu,15242,274
Catalão,15222,422
Extrema,15211,138
Caicó,15195,170
Eunápolis,15170,248
Maranguape,15156,283
Cáceres,15153,451
Alfenas,14968,233
Santo Ângelo,14827,311
Eusébio,14776,135
Balsas,14759,218
Campo Bom,14745,272
Capão da Canoa,14743,223
Coronel Fabriciano,14740,361
Luís Eduardo Magalhães,14685,154
Cachoeira do Sul,14651,216
Itaguaí,14641,411
Goianésia,14623,303
Timóteo,14468,342
Viçosa,14463,146
Caldas Novas,14392,322
Montenegro,14374,169
Biguaçu,14363,178
Leme,14362,433
Muriaé,14357,343
Jaú,14339,566
Cubatão,14310,518
Carazinho,14295,281
Farroupilha,14295,187
Iguatu,14237,238
Venâncio Aires,14187,140
Navegantes,14158,226
Irati,14136,196
Caxias,13999,344
Itabaiana,13930,258
Guanambi,13872,137
Serra Talhada,13847,192
Mariana,13801,106
Bagé,13751,306
Almirante Tamandaré,13650,443
Araranguá,13600,266
São Bento do Sul,13563,200
Três Corações,13561,276
Guaratinguetá,13560,317
Patrocínio,13532,252
Lagoa da Prata,13486,163
Russas,13438,210
Cajazeiras,13277,178
Tatuí,13253,481
Assis,13107,433
Frutal,13106,287
João Monlevade,13076,259
Quixadá,13040,209
Formosa,13038,302
Mogi Mirim,13025,384
Alegrete,12999,312
Itapeva,12991,441
Iranduba,12949,172
Fernandópolis,12905,375
Tefé,12837,204
Itapevi,12828,723
Rio Claro,12826,615
Atibaia,12819,302
Vacaria,12789,227
Xanxerê,12694,193
Indaial,12691,143
Paulista,12638,868
Rio Bonito,12508,252
Itaituba,12480,350
Itapipoca,12465,287
Barra do Garças,12465,394
Francisco Morato,12431,457
Piripiri,12407,206
Olímpia,12396,285
Alta Floresta,12384,157
Barbacena,12343,318
Avaré,12327,290
São João da Boa Vista,12315,347
Porto Nacional,12284,215
Barcarena,12216,245
São Gabriel da Palha,12196,89
Rolândia,12195,271
Santa Luzia,12153,539
Cataguases,12132,268
Votorantim,11958,537
Osório,11931,189
Parintins,11911,358
Paragominas,11910,241
Braço do Norte,11900,117
Quixeramobim,11893,236
Caratinga,11887,293
Cruz Alta,11882,235
Manacapuru,11881,412
Três Rios,11810,284
Tauá,11795,188
Marau,11739,116
Marataízes,11728,231
Guaíba,11721,360
Santo Antônio da Platina,11717,155
Castanhal,11618,493
Medianeira,11589,146
Gramado,11586,152
Gaspar,11393,200
Morrinhos,11342,168
Guarabira,11335,153
Ibirité,11320,412
Coari,11270,239
São Cristóvão,11256,246
Campo Belo,11255,226
Vinhedo,11219,219
São Borja,11196,266
Tianguá,11177,206
Ponta Porã,11174,353
Cabedelo,11126,209
Paraíso do Tocantins,11117,198
Ouro Preto,11095,136
Guaxupé,11059,166
Irecê,10995,157
Inhumas,10980,263
Santa Rita,10874,347
Parobé,10818,233
Rio do Sul,10817,150
Cornélio Procópio,10805,177
Humaitá,10799,154
Embu das Artes,10797,650
Tramandaí,10782,233
Laranjal do Jari,10727,96
Jaraguá,10690,205
Nova Venécia,10679,137
Brumado,10626,200
Salgueiro,10612,121
Nova Mutum,10549,145
Caieiras,10526,340
União da Vitória,10520,151
Ferraz de Vasconcelos,10502,513
Marechal Cândido Rondon,10492,159
Simões Filho,10476,243
Cabo de Santo Agostinho,10459,541
Picos,10430,173
Dois Vizinhos,10400,103
Paulo Afonso,10387,241
Pirassununga,10382,272
São Gabriel,10323,294
Ibiporã,10316,206
Cametá,10311,290
Congonhas,10278,111
Mirassol,10245,291
Morada Nova,10242,172
Santa Maria de Jetibá,10236,68
Porto Feliz,10234,156
Canaã dos Carajás,10229,134
Ibitinga,10220,286
Águas Lindas de Goiás,10202,368
Aracati,10201,168
Campo Novo do Parecis,10188,100
São Francisco do Sul,10140,191
São Gonçalo do Amarante,10119,241
Palmas,10115,168
São Sebastião do Paraíso,10086,281
Caçapava,10061,298
Santa Inês,10060,220
Itapira,10060,324
Timbó,10010,98
Abaetetuba,10007,229
Jaru,10004,194
Bayeux,9981,263
São Gabriel da Cachoeira,9973,110
Naviraí,9902,261
Vitória de Santo Antão,9878,337
Ribeirão Pires,9877,359
Três Pontas,9828,169
Santa Cruz do Capibaribe,9827,165
Iturama,9798,246
Cascavel,9755,165
Lins,9752,313
Aquiraz,9746,100
Horizonte,9735,138
São Gonçalo do Amarante,9704,221
Panambi,9699,129
Várzea Paulista,9639,274
Guaratuba,9563,192
Torres,9560,117
Leopoldina,9550,174
Amparo,9521,238
Itapecerica da Serra,9504,477
Limoeiro do Norte,9491,157
Canela,9484,199
Santiago,9465,171
Pimenta Bueno,9449,125
Queimados,9447,255
Floriano,9441,176
Içara,9361,146
Pará de Minas,9345,271
Oriximiná,9296,182
Canoinhas,9237,122
Cruzeiro do Sul,9213,173
Poá,9094,425
Sabará,9085,238
Arcos,9081,140
Açu,9038,159
Tucuruí,9037,279
Tijucas,9033,96
Marialva,9021,139
Cerquilho,8978,165
Pirapora,8973,103
Andradina,8938,292
Arujá,8924,350
Valença,8909,145
Castelo,8907,136
Brejo Santo,8895,156
Porto Ferreira,8890,194
Barra do Piraí,8873,421
Conceição do Coité,8870,46
Jandira,8855,343
Lagarto,8810,225
Araripina,8787,173
Araruama,8760,495
Guaramirim,8753,105
São Lourenço,8752,164
Colinas do Tocantins,8698,158
Lagoa Santa,8689,136
Candeias,8674,196
Lábrea,8672,82
Palotina,8672,98
Camaragibe,8649,457
Joaçaba,8608,77
Estância Velha,8607,152
Maracaju,8574,111
Pacatuba,8553,258
Pontes e Lacerda,8538,244
Rolim de Moura,8506,184
Ubatuba,8417,147
Paraíba do Sul,8408,179
Laguna,8400,165
Barbalha,8390,181
Camaquã,8361,162
Bom Despacho,8354,115
Monte Carmelo,8332,182
São Sebastião,8312,180
Machadinho D'Oeste,8305,122
Itápolis,8273,168
Penápolis,8271,274
Jales,8256,279
Anchieta,8231,105
Manhuaçu,8226,234
Goiana,8218,165
São Miguel do Oeste,8213,82
Serrinha,8212,103
Piumhi,8204,122
Uruaçu,8172,155
Santo Antônio de Pádua,8159,161
Estância,8146,178
Arcoverde,8101,136
Pomerode,8101,73
Itamaraju,8091,161
Jacarezinho,8066,119
Barra de São Francisco,8060,240
Beberibe,8028,133
Itaberaba,8011,155
Garibaldi,7998,79
Novo Gama,7987,235
Nova Odessa,7978,232
Icó,7976,132
Cosmópolis,7958,179
Jacobina,7949,118
Barra dos Coqueiros,7941,101
Cidade Ocidental,7917,180
Itararé,7908,256
Marechal Deodoro,7907,121
Campo Verde,7847,149
Colíder,7816,152
Pacajus,7797,128
Nova Serrana,7748,227
Goiatuba,7747,173
Presidente Figueiredo,7735,111
Tailândia,7729,126
Jaboticabal,7727,185
Sousa,7722,156
Domingos Martins,7689,83
Bandeirantes,7673,150
Caçador,7655,295
Imbituba,7613,118
Apodi,7610,102
Santa Teresa,7608,69
Paiçandu,7605,146
Curitibanos,7604,202
Ponte Nova,7597,210
Buritis,7592,94
Tupã,7581,285
Assis Chateaubriand,7542,135
Xaxim,7538,123
Mateus Leme,7479,97
Pombal,7445,86
Carauari,7438,57
Forquilhinha,7438,64
Monte Mor,7434,146
Ilhabela,7433,43
Registro,7432,232
Itapemirim,7418,162
Campina Grande do Sul,7396,170
Óbidos,7382,154
Camocim,7378,163
São João Batista,7332,106
Macaíba,7319,180
Pontal do Paraná,7289,131
Itupeva,7288,154
Mandaguari,7286,133
Frederico Westphalen,7270,83
Sidrolândia,7246,160
Maués,7232,131
Machado,7232,105
Peruíbe,7232,260
Oiapoque,7223,52
Venda Nova do Imigrante,7208,58
Pedro Leopoldo,7197,203
Catu,7188,104
Maravilha,7171,75
Jaguariúna,7156,144
São Pedro,7151,106
Artur Nogueira,7141,149
Taquaritinga,7139,220
Mafra,7119,138
Palmeiras de Goiás,7116,94
Chapadinha,7103,130
Mococa,7098,253
Santana do Paraíso,7089,118
Santa Cruz do Rio Pardo,7074,180
São Roque,7062,115
Monte Alto,7061,194
Bom Jesus da Lapa,7059,99
Itapetinga,7057,163
Manicoré,7052,108
Bertioga,7039,182
Itanhaém,7004,346
Dracena,6985,274
Taquara,6980,185
Diamantina,6952,99
Itaberaí,6944,170
Campos Novos,6937,126
Santa Quitéria,6926,74
Teutônia,6908,93
Visconde do Rio Branco,6902,125
Santo Antônio da Patrulha,6885,165
São Bento,6875,73
Tarauacá,6851,49
Mairiporã,6849,251
Flores da Cunha,6834,72
Veranópolis,6829,68
Boituva,6817,203
Lapa,6816,136
Sapezal,6788,65
Boa Esperança,6783,146
Armação dos Búzios,6777,77
Cruzeiro,6762,105
Seabra,6734,89
Eldorado do Sul,6732,140
Baixo Guandu,6730,97
Monte Alegre,6724,191
Jaguaré,6703,56
Gravatá,6695,158
Cambuí,6678,62
Tapejara,6668,56
Ourilândia do Norte,6657,59
Cruz das Almas,6657,69
São Pedro da Aldeia,6657,339
Penha,6650,111
Valença,6648,214
Jaguariaíva,6624,158
São Luiz Gonzaga,6621,114
Sena Madureira,6614,85
Rio Negrinho,6608,130
Paraguaçu Paulista,6604,163
Batatais,6578,189
Campo Maior,6568,159
Promissão,6561,112
Rio Preto da Eva,6553,85
Vespasiano,6550,208
Chapadão do Sul,6548,80
São Joaquim da Barra,6546,174
Mandaguaçu,6541,86
José de Freitas,6539,87
Santa Isabel,6533,276
João Pinheiro,6529,114
Acaraú,6522,116
Pesqueira,6510,120
Campo Limpo Paulista,6461,295
São Gotardo,6460,95
Esperança,6450,91
Osvaldo Cruz,6450,125
Aquidauana,6446,168
Iporá,6445,156
Orleans,6431,94
Belo Jardim,6429,131
Santa Rita do Sapucaí,6418,86
Charqueadas,6414,112
Campos do Jordão,6408,151
Dias d'Ávila,6407,166
Santos Dumont,6398,134
Astorga,6397,98
Curvelo,6396,285
Imbituva,6387,119
Carlos Barbosa,6370,56
Igrejinha,6358,126
Ibirubá,6347,92
Santa Luzia,6323,116
Capinzal,6319,56
São Paulo de Olivença,6318,67
Ibaiti,6315,161
Mauriti,6310,120
Ribeira do Pombal,6306,73
Iguaba Grande,6306,149
Piraí,6301,109
Canindé,6294,214
Ouro Branco,6294,57
Rio Branco do Sul,6293,158
Guararapes,6291,118
Porto União,6289,95
Oliveira,6272,82
Jaguaquara,6269,65
Guaporé,6264,72
Piedade,6262,163
Janaúba,6256,143
São Luís de Montes Belos,6252,174
Dois Irmãos,6241,80
Guaíra,6235,226
Balneário Piçarras,6231,70
Redenção,6215,109
Catolé do Rocha,6210,63
Serrana,6194,117
Açailândia,6167,273
Timon,6166,338
Capão Bonito,6161,169
Paracuru,6160,123
Guarantã do Norte,6155,135
Guaíra,6128,108
Afonso Cláudio,6118,75
Nilópolis,6090,615
Novo Horizonte,6087,224
Jaguaribe,6086,83
Matozinhos,6085,113
José Bonifácio,6082,153
Estrela,6080,76
Barão de Cocais,6075,81
Ouro Preto do Oeste,6064,162
Palmeira,6064,93
Mamanguape,6034,87
Matinhos,6029,153
Santa Fé do Sul,6026,135
Araquari,6026,90
Grajaú,6012,137
Ipixuna,6009,19
São Manuel,6009,157
São João da Barra,6003,26
Tabuleiro do Norte,5984,74
São Lourenço da Mata,5966,272
Espírito Santo do Pinhal,5954,117
Afogados da Ingazeira,5952,76
Capivari de Baixo,5947,91
Cordeirópolis,5935,104
Mirassol d'Oeste,5929,145
Almenara,5927,56
Careiro,5914,87
Alta Floresta D'Oeste,5913,77
Nova Andradina,5909,101
Lagoa Vermelha,5903,105
Andradas,5902,129
Pires do Rio,5892,146
Capivari,5887,114
Barra do Corda,5875,78
Cândido Mota,5875,173
Canguçu,5870,107
Senhor do Bonfim,5869,98
Seropédica,5849,227
Guajará-Mirim,5847,233
Louveira,5837,112
Imbé,5833,143
Oeiras,5818,84
Paranaíba,5801,165
Palmeira das Missões,5796,106
Ibatiba,5789,114
Matão,5781,212
Guapimirim,5780,199
Barras,5764,101
Sooretama,5747,68
Bezerros,5746,129
Bom Jesus do Itabapoana,5737,116
Coxim,5733,115
Garça,5716,148
Barra Velha,5707,141
Itaitinga,5696,75
Campo Formoso,5692,77
Palmeira dos Índios,5691,160
Bacabal,5686,210
Juara,5668,97
Alegre,5663,82
Juína,5662,147
Nanuque,5661,132
Conceição das Alagoas,5658,144
Planaltina,5645,243
Orlândia,5638,124
Rio Brilhante,5637,88
Sarandi,5632,70
Zé Doca,5629,71
Viçosa do Ceará,5624,160
Pitangueiras,5624,167
Quirinópolis,5622,212
Pitanga,5617,58
Santo Antônio do Monte,5608,88
Santa Cruz,5607,78
Pontal,5604,168
Ipu,5603,81
Portão,5595,133
Sacramento,5587,82
Pinheiros,5584,94
São Lourenço do Sul,5576,90
Itapuranga,5574,89
Dom Pedrito,5571,105
Niquelândia,5559,109
Rancharia,5553,103
Pau dos Ferros,5551,42
Fraiburgo,5548,123
Tanguá,5534,137
São Mateus do Sul,5514,88
Cordeiro,5513,26
Cajamar,5502,250
Lorena,5485,146
São José de Mipibu,5484,75
Santana do Ipanema,5479,104
Brumadinho,5466,94
Barra do Bugres,5452,95
Tucumã,5449,85
Carambeí,5427,72
Tobias Barreto,5408,103
Nova Russas,5400,69
Currais Novos,5397,95
Casimiro de Abreu,5387,157
Ivinhema,5365,74
Mesquita,5346,526
Cabreúva,5340,147
Pederneiras,5335,123
Cajati,5330,105
Herval d'Oeste,5316,68
São Miguel do Iguaçu,5312,77
Marechal Floriano,5307,62
Tietê,5307,123
Fundão,5304,75
Altos,5296,102
Barcelos,5291,60
Caçapava do Sul,5276,100
Pinhalzinho,5271,38
Anicuns,5267,76
Santa Vitória,5262,62
Goianira,5254,133
Ibiúna,5251,147
Ivaiporã,5243,96
Cristalina,5238,121
Embu-Guaçu,5225,219
Costa Rica,5218,80
Soledade,5213,91
Capanema,5209,130
Baturité,5207,87
Tanabi,5206,122
São Marcos,5198,66
Espigão D'Oeste,5196,86
Alexânia,5193,105
Adamantina,5181,149
Bragança,5179,179
Rolante,5174,61
Loanda,5168,63
Piracanjuba,5164,85
Além Paraíba,5157,165
Carangola,5155,128
Conceição do Araguaia,5152,58
Prudentópolis,5152,128
Confresa,5151,118
Carpina,5138,156
Mata de São João,5137,71
Colorado,5136,81
Iracemápolis,5123,101
Monteiro,5118,75
Queimadas,5118,94
Itaqui,5117,68
Canarana,5117,76
Jandaia do Sul,5115,90
Delmiro Gouveia,5114,137
Pedreiras,5110,83
Rosário do Sul,5087,117
Pirenópolis,5084,61
Ouro Fino,5068,75
Sombrio,5063,85
Xinguara,5062,83
Coronel Vivida,5060,88
Riachão do Jacuípe,5056,49
Várzea da Palma,5055,94
Otacílio Costa,5053,67
São José de Ribamar,5051,321
Piúma,5051,96
Agudos,5044,113
Laranjal Paulista,5041,122
Morro da Fumaça,5035,49
Santa Helena de Goiás,5027,223
Santo Estêvão,5025,66
Garopaba,5024,52
Benevides,5023,111
Barra Bonita,5020,119
Caarapó,5010,58
Mimoso do Sul,5006,68
Três de Maio,5006,46
Quatro Barras,5005,107
Aparecida do Taboado,5000,63
Santa Vitória do Palmar,4995,53
João Neiva,4984,54
Quedas do Iguaçu,4972,88
Saquarema,4967,343
Surubim,4966,93
Santo Amaro da Imperatriz,4966,87
Poções,4965,85
Juruti,4949,177
Jaguaruana,4947,77
Bebedouro,4944,324
Urussanga,4926,73
Boa Viagem,4924,118
Coruripe,4921,60
Ecoporanga,4914,80
Quixeré,4909,47
Pedro II,4905,112
Socorro,4905,78
São Miguel do Guamá,4902,65
Alagoa Grande,4901,74
Ceará-Mirim,4900,122
São Gabriel do Oeste,4899,93
Salinas,4884,58
Exu,4875,60
Candelária,4866,79
Vera Cruz,4860,51
Eirunepé,4855,34
Nova Mamoré,4854,89
Mombaça,4853,122
São Sebastião do Caí,4836,64
Candeias do Jamari,4829,81
Ituporanga,4802,73
Tabatinga,4800,128
Cambará,4793,69
Mucuri,4788,73
Monte Sião,4782,43
Peixoto de Azevedo,4778,138
Luz,4768,37
Santa Bárbara,4759,49
Extremoz,4758,74
Nova Petrópolis,4758,84
Aracoiaba,4751,35
Nova Prata,4746,56
Ivoti,4742,73
Piracaia,4731,55
Timbaúba,4725,120
Várzea Alegre,4722,86
Descalvado,4719,93
Prata,4716,109
Quissamã,4711,104
Morro Agudo,4710,105
São Domingos do Maranhão,4709,23
Januária,4709,88
Santa Helena,4708,86
Acopiara,4697,156
São José do Rio Pardo,4697,158
Arapoti,4671,68
Rurópolis,4670,76
Iúna,4669,87
Solânea,4659,51
Presidente Médici,4651,91
Reriutaba,4645,32
Ipojuca,4642,180
Igarassu,4636,241
Água Boa,4634,100
Rio Bananal,4633,42
Pinheiral,4619,80
Miguel Pereira,4615,80
Vila Valério,4604,35
Schroeder,4591,43
Guaçuí,4577,126
Pedreira,4577,114
Itaperuçu,4566,125
Amambai,4565,91
São Joaquim,4554,87
Palmares,4553,127
Penedo,4546,85
Mairinque,4546,74
Breves,4545,123
Não-Me-Toque,4545,64
Mendes,4530,62
Pojuca,4529,52
Itapoá,4526,78
Elói Mendes,4523,63
Piraí do Sul,4523,89
Cocal do Sul,4511,66
Jutaí,4502,38
São Benedito,4502,69
Orós,4500,93
Caetité,4497,47
Poconé,4496,93
São Miguel dos Campos,4491,102
Américo Brasiliense,4487,101
Capelinha,4484,36
Iconha,4481,27
Taiobeiras,4472,41
Cruz,4469,59
Nova Esperança,4469,88
Mandirituba,4451,98
Pedro Canário,4435,67
Campo Magro,4435,91
São Ludgero,4429,36
Colniza,4428,84
Pompéu,4422,54
Presidente Venceslau,4422,120
Bonito,4414,79
Salto de Pirapora,4406,182
Carmo do Paranaíba,4402,123
Paracambi,4398,138
Reserva,4394,80
Aripuanã,4394,51
Nova Xavantina,4387,74
Buriticupu,4372,83
Paraguaçu,4372,51
Paraty,4361,94
Santa Cruz das Palmeiras,4358,128
Ibaté,4354,103
Bombinhas,4347,71
Cedro,4342,44
Cantagalo,4339,33
Três Coroas,4336,76
Limoeiro,4335,122
Medicilândia,4328,61
Vitória do Jari,4322,28
São Félix do Xingu,4321,41
Bom Jesus das Selvas,4319,47
Tomé-Açu,4318,92
Bady Bassitt,4317,89
Camanducaia,4307,74
Guabiruba,4304,49
Ipueiras,4290,69
Capanema,4286,28
Cláudio,4283,68
Cafelândia,4280,44
Vazante,4274,68
Jardinópolis,4272,151
Siqueira Campos,4268,87
Conceição da Barra,4260,70
Campos Gerais,4257,45
Guariba,4253,117
Pentecoste,4234,88
São Francisco do Conde,4223,70
São Gonçalo do Sapucaí,4223,66
Itaú de Minas,4210,42
Pilar,4207,60
Presidente Epitácio,4207,128
Ipiaú,4194,87
Capim Grosso,4191,38
Bela Vista de Goiás,4189,88
Potirendaba,4188,83
Barroso,4186,59
Sananduva,4184,37
Minaçu,4179,73
Maracás,4174,72
Mangaratiba,4156,171
Laranjeiras do Sul,4154,107
Bambuí,4149,37
Guaranésia,4146,38
Mozarlândia,4145,31
Santo Antônio do Descoberto,4131,123
Santa Terezinha de Itaipu,4126,112
Nepomuceno,4124,48
Diamantino,4119,67
Sapé,4117,117
Realeza,4115,45
Rio Pardo,4096,106
Vassouras,4091,141
Cassilândia,4086,106
Uruçuí,4083,67
Casa Branca,4079,110
Aguaí,4075,114
Abreu e Lima,4074,251
Pancas,4070,37
Taquari,4065,77
Horizontina,4063,43
São José dos Quatro Marcos,4051,108
Taquarituba,4048,110
Jaguaruna,4048,64
Boca do Acre,4038,29
Itamarandiba,4034,33
Macatuba,4033,61
Almeirim,4030,52
Araci,4030,58
Rio Largo,4024,185
Perdões,4023,39
Paranatinga,4023,84
Andirá,4022,96
São Miguel do Araguaia,4020,80
Pirapetinga,4019,36
Formoso do Araguaia,3999,71
Alenquer,3993,148
Autazes,3991,100
Muqui,3989,61
Paranaíta,3984,37
Cerejeiras,3968,68
Tupaciguara,3965,117
Benjamin Constant,3961,88
Porteirinha,3959,68
Buritama,3954,82
Ampére,3953,60
Faxinal,3950,76
Nova Hartz,3949,75
Conceição do Jacuípe,3942,41
Euclides da Cunha,3940,62
Corbélia,3939,49
Serafina Corrêa,3938,38
Bom Jesus de Goiás,3935,119
Bela Cruz,3931,73
Acreúna,3931,75
Ceres,3925,117
Bataguassu,3923,51
Granja,3919,91
Tucano,3919,65
São Raimundo Nonato,3917,65
Vargem Alta,3914,48
Atalaia do Norte,3903,11
Santa Gertrudes,3900,79
Muzambinho,3897,39
Pedra Branca do Amapari,3894,14
Campos Belos,3894,31
Sertanópolis,3889,49
Serra Negra,3884,77
Santa Cruz Cabrália,3879,42
Hidrolândia,3874,99
Jardim de Piranhas,3860,42
Iperó,3857,63
Posse,3856,48
Coromandel,3851,93
Muniz Freire,3851,51
Ibiá,3850,59
Querência,3850,70
Santo Amaro,3843,90
Itarema,3839,51
São Desidério,3835,51
Pindoretama,3832,41
Montanha,3831,68
Bom Jesus,3828,50
Ouricuri,3819,103
Guanhães,3817,50
Rorainópolis,3812,69
Mazagão,3806,24
Governador Celso Ramos,3806,32
Itapiranga,3805,44
Água Clara,3804,69
São Sebastião do Passé,3800,95
Conchal,3800,86
Arroio do Meio,3795,51
Colinas,3775,53
Propriá,3775,81
Cocalzinho de Goiás,3767,45
Alfredo Chaves,3763,47
Milagres,3762,64
Paty do Alferes,3760,97
Igarapé-Miri,3755,96
Jaciara,3744,116
Buritis,3735,54
Ilha Solteira,3733,102
Nova Santa Rita,3728,101
Mantena,3727,79
Nova Veneza,3725,35
Sapucaia,3720,120
Marituba,3716,142
Cruzeiro do Oeste,3715,90
São José da Lapa,3713,45
Jucurutu,3712,54
Codó,3711,226
Santa Maria da Vitória,3711,66
Demerval Lobão,3710,36
Rubiataba,3709,92
Urucurituba,3707,36
Antônio Prado,3702,35
Itaocara,3694,84
Estreito,3690,87
Alvarães,3689,46
Aragarças,3688,80
Rio das Pedras,3686,111
Santana do Araguaia,3685,43
São Miguel do Guaporé,3683,59
Marmeleiro,3682,51
Livramento de Nossa Senhora,3681,71
Borda da Mata,3676,58
Três Passos,3672,69
Barreirinha,3671,67
Miranda,3670,98
Cabrobó,3669,33
São Francisco do Guaporé,3668,52
Bocaiúva,3668,72
Areia Branca,3667,110
Itanhandu,3666,61
Itapajé,3665,144
Matelândia,3665,66
Pereira Barreto,3664,112
Amargosa,3661,57
Nova Granada,3659,77
Cachoeiras de Macacu,3655,117
Conceição do Mato Dentro,3651,38
Simão Dias,3650,92
São Bento do Una,3643,84
Rio Real,3642,47
Mocajuba,3636,64
Morretes,3634,57
Palmital,3628,72
Xangri-lá,3628,55
Marilândia,3626,33
Jacutinga,3625,55
Santo Antônio de Posse,3621,56
Feijó,3620,66
Paraisópolis,3618,67
Monte Aprazível,3613,95
Itaiópolis,3612,55
Guaraí,3611,83
Itapagipe,3611,63
Caraúbas,3610,47
Itororó,3603,35
Ibiraçu,3599,47
Jussara,3599,65
Chopinzinho,3598,54
Icapuí,3580,34
Ipanema,3570,74
São Felipe,3568,32
Carmópolis de Minas,3568,56
Triunfo,3566,94
Jaíba,3564,69
Seara,3562,40
Vila Rica,3562,49
Santaluz,3558,54
Itatinga,3551,60
Porangatu,3549,183
Guaraciaba do Norte,3547,79
Goianinha,3545,46
Itaporanga,3535,32
Brasil Novo,3532,44
Silvânia,3531,33
Jaguarão,3530,56
Correntina,3528,50
Itapecuru Mirim,3521,89
Nova Viçosa,3517,55
Amontada,3515,58
Lavras da Mangabeira,3497,56
Coroatá,3494,97
Porto Belo,3494,68
Borba,3493,70
Cantá,3488,42
Itaguara,3487,32
Itabaiana,3484,86
Monte Santo de Minas,3484,57
Miracema,3481,147
Campestre,3480,51
Feliz,3464,26
Capinópolis,3461,56
São Roque do Canaã,3456,20
Matupá,3454,58
Brasiléia,3443,44
Guareí,3442,34
Contenda,3435,72
Carmo,3433,51
Uauá,3431,60
Getúlio Vargas,3430,43
Tambaú,3426,51
Miranorte,3423,60
Paraíso do Norte,3411,48
São Domingos do Araguaia,3408,59
Mundo Novo,3408,43
Porto Grande,3403,29
São João Nepomuceno,3396,48
Cesário Lange,3395,71
Vila Bela da Santíssima Trindade,3393,56
Lambari,3390,42
Antonina,3388,73
Paudalho,3387,112
Espumoso,3386,52
Pinheiro,3385,112
Afuá,3381,16
Encantado,3372,56
Itajobi,3369,62
Vargem Grande Paulista,3366,118
Igarapé,3365,103
Quaraí,3361,60
Lajedo,3360,76
Camacan,3360,92
Crixás,3360,68
São José do Vale do Rio Preto,3359,75
Conde,3355,47
Tamboril,3354,80
Valparaíso,3353,85
Goioerê,3353,76
Frecheirinha,3348,26
Bariri,3348,136
Sertânia,3337,52
Paraipaba,3335,80
Nova Era,3326,54
Vargem Grande do Sul,3323,110
Xapuri,3320,32
Gandu,3316,58
Governador Lindenberg,3316,33
Medeiros Neto,3308,59
União dos Palmares,3304,89
Cariré,3303,51
Jerônimo Monteiro,3297,47
Colorado do Oeste,3295,49
Tocantinópolis,3295,57
Tijucas do Sul,3295,77
Wenceslau Braz,3295,91
Iguape,3290,116
Águas de Lindóia,3288,56
Novo Airão,3284,36
Piraju,3284,90
Itatiaia,3280,78
Jijoca de Jericoacoara,3278,31
Massaranduba,3277,24
Portel,3271,94
Tibagi,3271,92
Novo Progresso,3263,78
Itaporanga d'Ajuda,3259,70
Carmo do Rio Claro,3259,71
Goiás,3259,85
Tabira,3258,52
Nova Olinda do Norte,3257,69
Capão do Leão,3257,89
Sengés,3255,63
Esmeraldas,3253,156
Angatuba,3247,83
Lago da Pedra,3239,82
Barra da Estiva,3230,34
Xique-Xique,3228,88
Garuva,3226,34
Campos Sales,3223,49
Vigia,3222,89
Presidente Kennedy,3221,57
Tupanciretã,3221,54
Rio Tinto,3218,59
Nova Brasilândia D'Oeste,3217,34
Turvo,3208,35
Turvo,3207,37
Valentim Gentil,3206,70
Alpinópolis,3204,48
Fátima do Sul,3198,73
Ingá,3196,44
Pauini,3194,22
Três Marias,3192,82
Fortim,3191,32
Ipameri,3191,99
Silva Jardim,3185,35
Altônia,3181,50
Ortigueira,3181,53
Itabaianinha,3175,75
Itaguaçu,3170,21
São João dos Patos,3169,31
Cujubim,3168,43
Pirajuí,3168,62
Perdizes,3164,27
Rio Maria,3162,39
Mangueirinha,3161,53
João Câmara,3155,50
Tapurah,3154,34
Conceição do Almeida,3151,29
Santa Isabel do Rio Negro,3150,54
Santa Luzia,3146,34
Mutum,3143,47
Cachoeira Paulista,3142,50
Santo Antônio do Sudoeste,3141,34
Macau,3140,47
Araçoiaba da Serra,3135,91
Jarinu,3130,81
Três Barras,3129,74
Pirapozinho,3128,76
Jardim,3125,70
Massapê,3121,89
Ladário,3120,71
Urucará,3117,55
Cidreira,3117,82
Acarape,3109,34
Terra Boa,3100,60
Espera Feliz,3096,45
Clevelândia,3095,90
Pilar do Sul,3094,86
Teodoro Sampaio,3093,52
Taguaí,3091,42
Belo Oriente,3085,74
Paraopeba,3084,32
Itaí,3083,78
Caculé,3079,23
Igaraçu do Tietê,3067,71
Parelhas,3064,30
Casa Nova,3064,73
Varjota,3063,33
São José do Egito,3060,58
Itajuípe,3059,56
Araguatins,3049,74
Lajinha,3047,48
Araputanga,3047,57
Santa Rita de Cássia,3044,40
Sumé,3040,43
Madre de Deus,3040,47
Sumidouro,3034,56
Juatuba,3033,80
Guará,3033,107
Lauro Müller,3031,61
Jacareacanga,3030,38
Ipaussu,3029,52
Ruy Barbosa,3026,35
Caracaraí,3022,61
Terra Roxa,3022,44
Lagoa Seca,3021,51
Campanha,3021,54
Raul Soares,3021,59
Santana do Acaraú,3020,89
Boa Esperança,3019,49
Bom Conselho,3016,77
Mâncio Lima,3014,33
Brodowski,3012,81
Uruará,3010,81
Piracuruca,3010,103
Rio Piracicaba,3010,28
Ribas do Rio Pardo,3009,63
Seberi,3007,42
Trairi,2998,100
Jaguapitã,2997,62
Boquim,2996,70
Miguel Calmon,2996,34
Nobres,2996,78
São Sepé,2993,63
Novo Aripuanã,2990,31
Remanso,2984,84
Nazaré,2983,53
Ponta de Pedras,2980,35
Holambra,2976,18
Capela,2974,45
Varre-Sai,2972,11
Bom Princípio,2972,34
Itapejara d'Oeste,2971,48
Ituverava,2967,152
Salto do Lontra,2963,31
Codajás,2959,26
Pedras de Fogo,2956,57
Poço Fundo,2953,13
Ipirá,2950,69
Araçuaí,2946,54
Morro do Chapéu,2944,30
Fronteira,2944,66
Pereiro,2942,27
São Francisco de Itabapoana,2941,112
Porciúncula,2939,96
Nova Trento,2939,22
Castilho,2938,92
Brasnorte,2936,44
Esperantina,2935,89
Aparecida,2932,119
Envira,2931,13
Aimorés,2931,80
Quixelô,2930,35
Porto Real,2928,41
Hidrolândia,2927,27
Itamonte,2916,48
São José do Belmonte,2915,60
Conchas,2915,75
Coreaú,2911,70
Edéia,2911,32
Pitangui,2910,103
Nova Alvorada do Sul,2910,41
São Caitano,2902,78
Igarapé-Açu,2900,79
Lagoa da Confusão,2900,28
Alto do Rodrigues,2899,41
Bicas,2898,49
Valente,2893,28
Capitão Leônidas Marques,2893,32
Palmitos,2893,63
Maraã,2891,23
Concórdia do Pará,2891,35
Prado,2890,61
Nossa Senhora da Glória,2884,81
São Lourenço do Oeste,2884,69
Moreno,2883,121
Álvares Machado,2880,81
São João do Piauí,2879,37
Beruri,2878,34
Buri,2878,94
Campo Alegre,2874,77
Costa Marques,2873,45
Júlio de Castilhos,2872,42
Rebouças,2871,42
Bom Jardim,2869,54
Sarzedo,2860,80
Nova Crixás,2859,25
Farias Brito,2858,61
São Miguel,2855,47
Conselheiro Pena,2849,54
Pinhão,2848,86
Matias Barbosa,2844,64
Encruzilhada do Sul,2844,79
Anastácio,2841,90
Nova Resende,2839,32
Bela Vista do Paraíso,2834,80
São Gonçalo dos Campos,2829,38
Águas Belas,2828,47
Capistrano,2824,37
Ubiratã,2819,99
Inhambupe,2818,43
Araruna,2811,37
Faxinal dos Guedes,2809,43
Camamu,2799,59
Santa Izabel do Pará,2796,98
Picuí,2796,45
Águia Branca,2794,62
Feliz Natal,2793,33
Bonfim,2791,36
Nova Aurora,2784,50
Independência,2779,58
São José de Piranhas,2772,46
Giruá,2771,42
Tremembé,2767,57
Miracema do Tocantins,2764,55
Itapecerica,2763,45
Lagoa do Mato,2762,20
Itapaci,2760,64
Xambioá,2758,39
Carlinda,2757,34
Padre Bernardo,2757,62
Mucajaí,2756,47
Carnaíba,2755,38
Botelhos,2754,34
Butiá,2751,61
Luzilândia,2750,61
Ipixuna do Pará,2748,47
Tapejara,2747,37
Cupira,2745,53
Lagoa Formosa,2744,65
Poxoréu,2741,59
Belém,2736,45
Luiz Alves,2735,15
Capitão Poço,2734,85
Mamborê,2734,30
Novo Repartimento,2733,113
Caeté,2730,78
São Raimundo das Mangabeiras,2727,34
Mari,2723,49
Brejo da Madre de Deus,2721,58
Jequitinhonha,2721,22
Carlos Chagas,2716,38
Taió,2715,24
Engenheiro Coelho,2714,57
Nova Cruz,2713,64
Cidade Gaúcha,2711,35
Ibirataia,2709,44
Macaúbas,2708,26
Senador Pompeu,2707,63
Alhandra,2707,41
Monsenhor Tabosa,2704,42
Tocantins,2699,49
Baependi,2697,36
Pacaraima,2695,50
Barreirinhas,2695,48
Pariquera-Açu,2692,66
Jaboticatubas,2687,45
Alto Paraíso,2686,60
Iporã,2684,22
Catanduvas,2680,33
Correia Pinto,2678,60
Balneário Arroio do Silva,2673,62
Ibicaraí,2672,67
Baixa Grande do Ribeiro,2671,36
Iracema,2671,36
Jeremoabo,2669,47
Cerro Largo,2668,29
Areia,2665,35
Ulianópolis,2663,28
Anori,2660,33
Carandaí,2660,56
Maragogipe,2658,49
Junqueirópolis,2651,96
Amélia Rodrigues,2650,52
Nísia Floresta,2648,45
Santo Antônio,2642,62
Buíque,2642,48
Uruçuca,2638,74
Missão Velha,2635,58
Caxambu,2635,60
Assaré,2627,50
Chapadão do Céu,2626,25
Itapiúna,2615,39
Amaturá,2612,18
Nonoai,2612,50
Jacundá,2606,79
Peabiru,2606,40
Guamaré,2604,53
Banabuiú,2598,22
Canindé de São Francisco,2596,48
Inhapim,2592,69
Itapiranga,2592,20
Miracatu,2590,77
Cuité,2586,26
Resplendor,2586,59
Porecatu,2586,51
Araporã,2584,42
Passa Quatro,2583,47
Dionísio Cerqueira,2583,53
Manhumirim,2576,49
Curionópolis,2575,37
Manaquiri,2573,53
Piancó,2572,32
Cícero Dantas,2571,49
Brotas,2570,70
Vitorino Freire,2566,63
Ocara,2563,44
Muritiba,2558,30
Rio Novo do Sul,2558,36
Calçoene,2557,15
Campina da Lagoa,2557,64
Ervália,2551,38
Rio Paranaíba,2550,29
Brasilândia de Minas,2548,28
Gravatal,2548,53
Itapororoca,2547,35
Cariús,2545,33
Cambuci,2545,41
Dom Eliseu,2544,61
São Domingos do Norte,2540,23
Joaquim Távora,2537,54
Santo Cristo,2534,30
Atílio Vivacqua,2533,34
Itarana,2532,28
Barra do Choça,2530,37
Arenápolis,2528,41
Cássia,2526,59
Boa Esperança do Sul,2524,23
Vitória do Xingu,2521,27
Pacajá,2519,52
Itaberá,2516,70
Porto Franco,2512,65
Espinosa,2510,45
Guapó,2510,53
Irupi,2508,51
Rio Verde de Mato Grosso,2507,72
Sobradinho,2504,33
Nova Canaã do Norte,2504,32
Princesa Isabel,2501,53
Balsa Nova,2500,37
São Miguel Arcanjo,2498,76
Tuntum,2494,22
Esplanada,2493,35
Aquidabã,2491,41
Barra,2491,67
Bom Jesus dos Perdões,2485,32
Nova Bassano,2484,14
Itatira,2483,41
Agudo,2483,32
Barbosa Ferraz,2482,47
Anamã,2477,11
Coremas,2467,42
Sobradinho,2466,63
Comodoro,2466,39
Carnaubal,2463,28
União,2462,66
Assaí,2462,59
Santa Rosa de Viterbo,2457,47
Tapiratiba,2454,35
Uarini,2451,26
Monção,2451,45
Alto Santo,2450,39
Nova Ponte,2450,34
Chapada dos Guimarães,2449,91
Araçariguama,2448,75
Cururupu,2446,29
Juquiá,2444,65
Conceição do Castelo,2442,32
Jataizinho,2442,49
Bocaiúva do Sul,2440,29
Piên,2438,31
Nova Londrina,2435,33
Arroio do Sal,2433,41
Ubajara,2430,41
Manoel Ribas,2429,32
Arroio Grande,2423,59
Petrolina de Goiás,2423,42
Corinto,2422,53
Cedro,2417,18
São Francisco de Assis,2413,37
Tapera,2409,46
Ipuã,2408,66
São Félix do Araguaia,2408,43
Aroeiras,2407,18
Itaquiraí,2404,51
Buritizeiro,2403,41
Mutuípe,2401,27
Maracaí,2401,51
Poço Verde,2400,53
Placas,2398,40
Porto Xavier,2396,56
Lapão,2394,35
Laranja da Terra,2393,14
Chorozinho,2392,41
Carira,2391,48
Paranapanema,2391,79
Guaiúba,2389,64
Estiva,2388,25
Boqueirão,2387,45
Riachão,2386,34
Guapiara,2386,87
Gurupá,2385,14
Pouso Redondo,2382,42
Estrela d'Oeste,2377,32
Jaguarari,2376,54
Turmalina,2374,23
Pedro Afonso,2373,31
Floresta,2371,32
Miraí,2371,18
Alto Araguaia,2370,32
Monte Azul Paulista,2366,26
Pontalina,2365,59
Teotônio Vilela,2363,71
Guararema,2362,104
Apiacás,2362,19
São Paulo do Potengi,2361,52
São João do Paraíso,2361,22
Castro Alves,2359,41
Pio XII,2353,31
Moju,2351,70
Engenheiro Beltrão,2350,31
Mongaguá,2349,95
Ilhota,2347,39
Alto Alegre do Pindaré,2346,55
Fartura,2344,52
Nossa Senhora das Dores,2340,50
São José do Rio Claro,2337,40
Goianápolis,2336,46
Caroebe,2335,21
Alvorada,2334,31
Abaeté,2334,45
Itaipulândia,2330,28
Goianésia do Pará,2328,35
Ibiapina,2327,33
Imbaú,2327,60
Potim,2323,40
Cláudia,2323,42
Papagaios,2322,22
Sangão,2320,16
Mucambo,2319,30
Plácido de Castro,2318,21
Caaporã,2318,37
Quatiguá,2318,38
Alagoa Nova,2315,34
Abadia de Goiás,2315,45
Lagoa Grande,2314,36
Santa Izabel do Oeste,2314,35
Piquet Carneiro,2313,32
Riacho de Santana,2313,44
Luís Antônio,2312,35
Santo Augusto,2310,39
Capitólio,2309,41
Viradouro,2309,96
Cruzília,2304,42
Ibirama,2304,39
Barro,2302,48
Curuçá,2300,83
Planura,2299,50
Brejetuba,2296,17
Alagoinha,2295,26
São Francisco,2295,75
Cerqueira César,2295,54
Monte Alegre de Minas,2293,43
Monte Negro,2290,35
Maria da Fé,2289,47
Guaraniaçu,2289,33
Augusto Corrêa,2287,52
Campo do Brito,2287,29
Santo Antônio do Içá,2286,45
Cachoeira Alta,2286,31
Severínia,2285,75
Sonora,2285,37
Caçu,2284,41
Marco,2281,36
Aurora,2273,42
Belterra,2272,38
Ubatã,2268,51
Miguel Alves,2265,35
Trindade,2265,59
Jaicós,2264,41
Auriflama,2263,81
Jacinto Machado,2263,38
Nova Monte Verde,2263,22
Conceição de Macabu,2262,79
Rio Grande da Serra,2262,96
Groaíras,2261,33
Umbaúba,2261,42
Santo Antônio do Tauá,2260,59
Rodeio,2260,33
Tartarugalzinho,2256,19
Pescaria Brava,2256,26
Rio Negro,2253,72
Santa Helena,2251,31
Corupá,2251,42
Poção de Pedras,2248,24
Terenos,2247,80
Uruana,2245,43
São Mateus do Maranhão,2244,52
Presidente Dutra,2241,17
Areia Branca,2241,50
Mar de Espanha,2241,45
Mirandópolis,2241,108
Pérola,2240,34
Dianópolis,2239,41
Itaobim,2237,54
Congonhal,2235,30
São José do Calçado,2235,77
Cândido Sales,2234,56
Canápolis,2233,36
Jucás,2231,68
Candói,2230,34
Iaçu,2228,44
Santa Leopoldina,2226,29
Guaraciaba,2223,32
Cravinhos,2222,102
Petrolândia,2219,48
Três Barras do Paraná,2219,59
Bodocó,2217,42
Prainha,2216,85
Pedra Preta,2216,68
Inácio Martins,2214,20
Itambé,2213,52
Riolândia,2204,31
São José do Cedro,2204,27
Curuá,2201,24
Itupiranga,2201,89
Balneário Gaivota,2200,39
Novo Oriente,2199,45
Itapetim,2199,36
Uruburetama,2196,59
Coronel Freitas,2193,31
Porteirão,2192,22
Valença do Piauí,2190,74
São Geraldo do Araguaia,2189,56
Vargem Grande,2189,35
Ribeirão do Pinhal,2186,54
Pedra Azul,2185,45
Jardim,2182,60
Agrolândia,2180,31
Rondon do Pará,2179,87
Vitória do Mearim,2179,39
Nhamundá,2177,38
Palmares do Sul,2177,39
Caiapônia,2177,45
Rialma,2177,59
Bastos,2176,51
Guapiaçu,2175,83
Igaratá,2175,36
Sete Barras,2174,44
Tapauá,2173,25
Delta,2173,30
Lucélia,2168,63
Irará,2165,29
Itambé,2165,23
Solonópole,2162,34
Matipó,2162,41
Antônio Carlos,2162,28
Coração de Maria,2161,22
Itaporanga,2161,52
Santa Isabel do Ivaí,2158,31
Tenente Portela,2156,37
Balneário Rincão,2154,54
São Jerônimo,2154,76
São Simão,2151,66
Campina Verde,2150,36
Serra do Salitre,2147,42
Jaguaretama,2143,47
Laje,2141,34
Tabapuã,2141,63
Pedra Branca,2140,69
São Gonçalo do Rio Abaixo,2137,27
Ouroeste,2136,46
Canguaretama,2135,45
Deodápolis,2135,44
Bom Jardim,2132,73
Juruaia,2132,23
Santa Cecília,2130,33
Acrelândia,2129,38
Nova Prata do Iguaçu,2128,22
Viçosa,2125,39
Bituruna,2123,34
Campo Novo de Rondônia,2122,27
Divino,2121,42
Eldorado,2121,27
São Sebastião do Uatumã,2118,19
Forquilha,2117,81
Alto Alegre,2116,39
Santo Anastácio,2114,68
Ibirá,2113,44
Jardim do Seridó,2108,24
Quilombo,2108,44
Itabela,2107,74
Sapeaçu,2105,24
Seringueiras,2104,22
Restinga Sêca,2104,41
Tibau do Sul,2102,14
Terra Rica,2102,38
Itaporã,2100,49
Cristais,2095,30
Bálsamo,2095,70
Engenheiro Paulo de Frontin,2092,66
Moraújo,2091,23
Agrestina,2091,68
Chupinguaia,2090,25
Candiota,2090,17
Itamogi,2087,45
Ibicuitinga,2085,23
Presidente Getúlio,2085,40
Coaraci,2084,54
São Jorge d'Oeste,2083,34
Saltinho,2080,21
Ouro,2080,21
Feira Nova,2075,56
Luís Correia,2073,65
Tejuçuoca,2071,33
Rio Azul,2067,24
Abelardo Luz,2066,65
Itapeva,2064,40
Tamarana,2064,41
Corrente,2063,34
Monte Belo,2062,37
Cambira,2062,29
Martinho Campos,2061,40
São João,2055,26
Entre Rios,2054,47
Carapebus,2051,16
Itauçu,2049,38
Anapu,2046,62
Tabatinga,2046,60
Castelo do Piauí,2044,38
Rio Claro,2044,71
São Joaquim de Bicas,2041,112
Planalto,2040,34
São Domingos do Prata,2040,25
Wenceslau Guimarães,2039,31
Alto Paraná,2038,26
Sabáudia,2037,27
Pocinhos,2036,25
Ferreira Gomes,2035,7
Rosário Oeste,2035,61
Frei Paulo,2031,36
Ribeirão Branco,2031,61
Alexandria,2030,32
São Pedro do Sul,2029,37
Brejo do Cruz,2027,24
Alcobaça,2027,31
Martinópolis,2026,88
Boca da Mata,2023,46
Ipaba,2023,57
Nerópolis,2022,77
Barreira,2021,52
Monte Azul,2021,35
Raposos,2021,44
Augustinópolis,2019,32
Caetés,2019,24
Ituaçu,2019,29
Pradópolis,2019,42
Piranhas,2018,75
Cachoeira,2015,32
Areado,2015,33
Ascurra,2015,13
Carneirinho,2014,48
Alcântaras,2013,23
Mariluz,2013,54
Laranjeiras,2012,57
Cajuru,2012,59
Cardoso,2009,66
Florestópolis,2008,39
Araçagi,2003,26
Barracão,2003,38
São João do Ivaí,2002,27
Quitandinha,2000,60
Umarizal,1996,22
Bom Sucesso,1993,20
Japurá,1993,18
Marilândia do Sul,1991,42
Maraú,1990,20
Papanduva,1990,49
São José do Norte,1990,49
Caririaçu,1988,49
São Francisco de Paula,1985,52
Ituberá,1984,52
Patu,1981,31
Balneário Pinhal,1981,58
Palmital,1979,39
São Pedro do Ivaí,1978,50
Campinorte,1971,46
Aratuba,1970,14
Meruoca,1970,33
Bocaina,1970,36
Iretama,1967,21
Touros,1965,32
São Sebastião,1965,38
Perdigão,1964,17
Querência do Norte,1964,10
Floresta,1959,23
Aragoiânia,1959,30
Astolfo Dutra,1957,29
Tupi Paulista,1956,50
Cândido de Abreu,1955,20
Presidente Tancredo Neves,1954,41
Pindorama,1954,56
Canutama,1953,11
Arroio do Tigre,1953,22
Urânia,1951,41
Ipuiúna,1949,42
Céu Azul,1949,35
Quiterianópolis,1946,52
Curiúva,1945,36
Tapes,1945,64
Ananás,1944,28
Girau do Ponciano,1942,50
Campos Altos,1942,28
Limeira do Oeste,1942,36
Balneário Barra do Sul,1942,49
Igarapé Grande,1940,15
Douradina,1940,13
Vera Cruz,1937,81
Canelinha,1937,21
Trizidela do Vale,1935,38
Ribeirópolis,1935,34
Mantenópolis,1935,50
Joviânia,1935,26
Chapada,1934,28
Passo de Torres,1932,34
Una,1930,47
Pombos,1929,45
Salgado,1928,44
Rondon,1926,21
Panorama,1925,61
São Carlos do Ivaí,1925,21
Assis Brasil,1924,24
Bom Jardim,1924,57
Ipiranga do Norte,1924,20
Santa Mariana,1918,53
Silves,1912,22
Ronda Alta,1912,27
Juruena,1908,39
Palhano,1905,26
Governador Eugênio Barros,1904,11
Tangará,1904,34
Lima Duarte,1903,50
Santo Antônio do Amparo,1903,20
Martinópole,1902,27
Guamiranga,1901,21
Porto Esperidião,1901,58
Ribeirão Claro,1900,22
Porto Murtinho,1898,38
São Gabriel,1891,15
Firminópolis,1891,36
Ibirapitanga,1890,39
Maragogi,1889,51
Uruoca,1887,31
Campinápolis,1886,49
Tonantins,1885,41
Terra Nova do Norte,1884,44
Parnarama,1882,28
São Pedro do Piauí,1882,30
Vila Pavão,1881,19
Careiro da Várzea,1878,25
Entre-Ijuís,1878,31
Barro Alto,1876,24
Ipiranga,1872,32
Conceição da Feira,1871,34
Paço do Lumiar,1870,232
Urbano Santos,1870,38
Bela Vista,1869,36
Campo do Meio,1868,16
Arceburgo,1866,34
Salto do Jacuí,1866,26
João Dourado,1865,52
Serra Negra do Norte,1862,17
Pindaré-Mirim,1861,30
Raposa,1861,49
Serrita,1861,26
Marcelândia,1860,44
Fonte Boa,1859,44
Guapé,1859,45
Wanderlândia,1858,21
Humberto de Campos,1858,9
Buriti Bravo,1857,20
Irituia,1856,22
Catunda,1853,20
Cerro Azul,1853,54
Dom Pedro,1851,38
Dois Córregos,1850,43
São Sebastião da Grama,1848,37
Formosa do Rio Preto,1846,34
São João da Baliza,1845,12
Aurora do Pará,1844,15
Itiúba,1844,40
Dores de Campos,1844,38
Simonésia,1843,44
Urupá,1842,32
Guajará,1838,31
Toritama,1838,46
Novo Cruzeiro,1838,34
Palmeirópolis,1836,29
Sales Oliveira,1835,31
Irani,1835,22
Taguatinga,1834,33
Acará,1833,41
Iraquara,1831,21
Chaval,1830,27
Ourolândia,1829,15
Itirapina,1829,38
Oeiras do Pará,1825,51
Elias Fausto,1824,36
Pinheiro Machado,1822,32
Alto Alegre dos Parecis,1821,47
Glória do Goitá,1820,51
Simplício Mendes,1819,48
Pirangi,1819,67
Santo Antônio de Goiás,1818,34
Mineiros do Tietê,1817,33
Olho d'Água das Flores,1816,40
Siderópolis,1815,51
Ibiraci,1814,25
Amapá,1813,13
Itaiçaba,1813,23
Caconde,1813,39
Felixlândia,1811,30
Santo Antônio do Leverger,1808,60
Porto Acre,1805,39
Verê,1805,24
Teixeiras,1804,32
Utinga,1803,17
Serro,1798,19
Nazaré Paulista,1798,50
Amarante do Maranhão,1796,59
Morrinhos,1796,38
Areal,1795,51
Santa Maria do Pará,1794,27
Arinos,1794,30
Juquitiba,1794,79
Água Doce,1792,18
Milhã,1791,32
Vertentes,1787,15
Ponte Serrada,1787,57
Santa Bárbara do Sul,1786,45
Epitaciolândia,1785,37
Apiaí,1785,100
Tarumã,1785,54
Bom Jesus do Norte,1784,30
Santa Rita do Passa Quatro,1783,43
Serra do Navio,1782,5
Caridade,1781,54
Borborema,1781,54
Missal,1781,21
Conceição do Rio Verde,1780,27
Limoeiro do Ajuru,1779,64
Orindiúva,1779,18
Rosana,1778,46
Igaci,1777,30
Kaloré,1777,29
Chavantes,1775,52
Paraí,1772,24
Paulo Lopes,1771,16
Pitimbu,1770,22
Itapicuru,1769,24
Tomazina,1768,30
Lontras,1764,27
Maracajá,1764,24
Constantina,1764,18
Centenário do Sul,1763,36
Passira,1762,57
Montalvânia,1760,19
Bom Retiro do Sul,1760,38
Bom Sucesso,1759,29
Nova Olímpia,1758,73
Mãe do Rio,1757,77
Grão Pará,1757,15
Quatá,1756,31
Dores do Indaiá,1755,18
Montes Claros de Goiás,1752,28
Califórnia,1751,40
Ribeirão Cascalheira,1751,39
Coronel Domingos Soares,1749,19
Capela de Santana,1749,29
Pé de Serra,1748,9
Campo Erê,1747,23
Sítio Novo,1746,27
Santa Rosa do Sul,1746,29
Parambu,1745,71
Jacupiranga,1743,54
Flórida Paulista,1740,35
Casca,1740,22
Coelho Neto,1739,50
Condado,1739,43
São Vicente Férrer,1739,35
Pacoti,1737,26
Baraúna,1737,29
Pindobaçu,1736,33
Retirolândia,1736,13
Praia Grande,1736,18
Apiacá,1735,38
Iacanga,1733,29
Barra de Santa Rosa,1732,15
Cairu,1731,17
Palmares Paulista,1731,45
Planalto,1729,21
Serranópolis,1728,14
Monsenhor Gil,1727,41
Terra Santa,1723,57
Barrinha,1723,80
São João do Rio do Peixe,1722,35
Torrinha,1722,22
Cardoso Moreira,1721,21
Salvaterra,1719,31
Itapuí,1717,42
Santa Adélia,1717,61
Graça,1715,19
Tutóia,1714,52
São João Batista do Glória,1712,32
Glória de Dourados,1712,27
Nova Olinda,1711,21
Abaré,1711,13
Teixeira,1710,39
Malacacheta,1710,28
Eugenópolis,1709,20
Santa Cruz de Monte Castelo,1709,20
Ilha Comprida,1708,59
Porto da Folha,1707,37
Colina,1707,71
Bom Jardim de Goiás,1707,30
Paratinga,1704,33
Tanhaçu,1704,28
São Tomé,1702,25
São José da Coroa Grande,1701,42
Inhuma,1699,26
Miraíma,1699,20
Bujaru,1698,43
Adrianópolis,1698,29
Caravelas,1697,17
Upanema,1696,19
Santa Bárbara,1696,23
Itapirapuã,1696,18
Poté,1695,20
Condeúba,1693,32
Juscimeira,1693,47
Alvorada D'Oeste,1692,31
Santa Luzia do Pará,1692,25
Amarante,1690,35
Presidente Olegário,1690,34
Ubaporanga,1690,38
Bom Repouso,1689,30
Tuneiras do Oeste,1686,24
Jesuítas,1685,21
Água Preta,1684,64
Itatiaiuçu,1683,34
Bonito,1682,46
Remígio,1681,31
Igreja Nova,1681,22
Mojuí dos Campos,1680,34
Santa Cruz de Minas,1680,22
Ubaíra,1678,30
Ivaí,1677,26
Arroio dos Ratos,1677,45
Capela do Alto,1676,40
Porteiras,1675,31
Monte Santo,1675,64
Catanduvas,1675,21
Ventania,1673,52
Cedral,1668,34
Cantagalo,1667,33
Pirapora do Bom Jesus,1666,22
Florânia,1665,19
Dumont,1665,24
Alto Taquari,1665,29
Ipanguaçu,1663,25
Japaratuba,1663,56
Piraúba,1662,27
Ararendá,1660,22
Matriz de Camaragibe,1658,45
Meleiro,1658,25
Pantano Grande,1658,28
Queimadas,1657,44
Charqueada,1657,47
Porto de Moz,1656,46
Bananeiras,1654,27
Paripiranga,1653,31
Alto Piquiri,1653,30
Santana do Cariri,1652,30
Guaratinga,1652,44
Venturosa,1651,36
Arraial do Cabo,1651,48
Canavieiras,1650,76
Centralina,1649,54
Alumínio,1649,56
São Luís do Curu,1648,39
Neves Paulista,1647,47
Apuí,1646,34
Dormentes,1644,9
Atalaia,1643,55
Cruz Machado,1641,27
Vera Cruz do Oeste,1641,48
Nhandeara,1640,51
Alto Alegre do Maranhão,1639,29
Água Doce do Norte,1639,46
Guaraci,1639,28
Vera,1639,32
Joaquim Pires,1638,31
Madalena,1638,38
Mulungu,1638,20
Canarana,1637,43
Ajuricaba,1637,33
Nova Esperança do Sul,1636,10
Boa Vista do Ramos,1633,13
Anita Garibaldi,1632,10
Peixe,1630,22
Lebon Régis,1628,64
Anadia,1627,35
Chapada Gaúcha,1627,18
Lagoa Nova,1626,17
Sanharó,1626,25
Tururu,1624,38
Paranacity,1624,29
Tabaporã,1624,26
Brejinho,1623,18
Tenente Ananias,1623,23
Coronel João Sá,1623,18
Piratini,1623,37
Vale do Anari,1620,25
Nova Bandeirantes,1618,28
Santa Bárbara de Goiás,1618,27
Limoeiro de Anadia,1613,34
Angélica,1612,21
Brazópolis,1611,34
Garrafão do Norte,1610,11
Feira Nova do Maranhão,1607,10
Croatá,1607,18
Moema,1607,14
Condor,1607,7
São Benedito do Rio Preto,1604,18
Cachoeira de Minas,1604,20
Roseira,1602,28
Fortuna,1596,8
Saudades,1596,17
Água Branca,1595,75
Vicentinópolis,1594,24
Itanhomi,1593,27
Água Branca,1591,14
Teixeira Soares,1591,16
Araripe,1588,25
Jaguari,1588,34
Belmonte,1587,30
Juripiranga,1586,32
Cunha Porã,1586,27
Rafael Jambeiro,1585,26
Durandé,1584,13
Guiricema,1583,33
Cruzeiro do Sul,1580,41
Irauçuba,1578,48
Ibirapuã,1578,18
Itaparica,1578,38
Alvinópolis,1578,23
Juranda,1577,33
Viseu,1576,37
Santo Antônio dos Lopes,1576,30
Curaçá,1573,35
Manga,1573,18
Santa Maria da Boa Vista,1571,31
Biritiba Mirim,1569,112
Nova Esperança do Piriá,1566,9
Altinho,1564,30
Perobal,1564,8
Arame,1563,42
Monte Carlo,1562,47
Itapuã do Oeste,1561,19
Ibiraiaras,1561,37
Brasília de Minas,1560,10
Pacaembu,1560,41
Ipaporanga,1559,17
Riachão do Dantas,1558,35
Itagibá,1558,30
Três Cachoeiras,1558,27
Carmo do Cajuru,1557,58
Salinas da Margarida,1556,21
Pains,1556,9
Rubim,1554,26
São João do Sul,1554,17
Lagoa Dourada,1553,14
Parapuã,1553,40
Riacho das Almas,1552,34
Ipaumirim,1550,23
Buerarema,1550,49
Itariri,1550,47
Itanhém,1549,40
Mairi,1549,16
Presidente Dutra,1549,27
Itá,1548,26
Cipó,1547,15
Roncador,1547,20
Alto Horizonte,1546,16
Abre Campo,1545,17
Santa Juliana,1544,51
Riachão das Neves,1542,45
Parnamirim,1541,36
Monte Alegre,1540,16
Nova Araçá,1540,10
Ibititá,1539,26
Barroquinha,1538,26
Piratininga,1537,47
Baía da Traição,1535,12
Mirante da Serra,1533,15
Corumbaíba,1529,38
Neópolis,1527,42
Rio Pardo de Minas,1527,9
Capitão Enéas,1524,20
Armazém,1523,36
Vitorino,1522,38
Santa Terezinha de Goiás,1522,33
Tiradentes,1518,21
Uchoa,1518,32
Orobó,1517,29
São Luís do Quitunde,1517,27
Gavião Peixoto,1517,23
Paulista,1516,11
Trombudo Central,1515,28
Buriti do Tocantins,1514,26
Lagoa do Carro,1514,28
Natividade,1514,30
Miguelópolis,1514,96
Aliança,1513,76
Catende,1512,70
Cajobi,1510,36
Massaranduba,1508,27
Cocal,1506,47
Santa Tereza do Oeste,1506,36
Trairão,1505,27
Carinhanha,1505,33
Iracema,1502,18
Mauá da Serra,1501,26
Piatã,1500,32
Araguaçu,1499,23
Nova Veneza,1496,26
Maurilândia,1495,34
Alagoinha,1494,29
Japeri,1494,153
São José da Lagoa Tapada,1492,8
Águas Formosas,1491,35
Caldas,1491,40
Fortaleza dos Nogueiras,1490,27
Mendonça,1490,31
Olindina,1489,24
Batayporã,1488,30
Ibotirama,1487,51
Iaciara,1485,15
Gaúcha do Norte,1483,29
Soledade,1482,16
Governador Dix-Sept Rosado,1479,20
Nossa Senhora do Livramento,1479,42
Formosa da Serra Negra,1478,9
Brasilândia,1477,26
Nova Ipixuna,1476,27
Vera Cruz,1476,24
Itacaré,1476,30
Tanque Novo,1476,14
Pires Ferreira,1473,7
Tuparendi,1473,18
Macaparana,1472,42
Santa Maria do Oeste,1471,29
Canto do Buriti,1469,49
Frutuoso Gomes,1469,10
Inocência,1469,11
Mário Campos,1467,53
Moreira Sales,1466,39
Boa Vista da Aparecida,1465,36
São Jorge do Patrocínio,1465,7
Eldorado,1465,52
Apuiarés,1463,26
São Domingos,1463,23
São Tiago,1462,17
Jaguaribara,1461,26
Rodeiro,1456,20
Miranda do Norte,1455,33
Camapuã,1455,34
Senador Sá,1454,14
Palma Sola,1454,17
Nova Ubiratã,1454,27
Nioaque,1453,24
Novo Mundo,1453,21
Cabo Verde,1452,12
Itanhangá,1452,14
Ipê,1450,11
Floresta do Araguaia,1449,28
Jataúba,1449,21
Guimarânia,1448,17
Choró,1447,18
Areiópolis,1447,24
Campo Alegre,1447,43
Vista Alegre do Alto,1445,21
São Roque de Minas,1444,20
Nova Santa Rosa,1443,18
Bueno Brandão,1439,33
Rio Casca,1438,46
Buriti Alegre,1438,37
Marechal Thaumaturgo,1437,13
Abatiá,1437,21
Figueira,1436,29
Dona Euzébia,1435,18
Pimenta,1433,22
Aperibé,1431,32
Buriti dos Lopes,1428,35
Ibicuí,1428,28
Catuípe,1426,30
Pedra,1425,34
Craíbas,1425,31
Entre Rios de Minas,1425,21
Alto Garças,1425,42
Corumbiara,1424,25
Ibipitanga,1424,23
Tunápolis,1424,10
Frei Miguelinho,1423,26
Candeias,1422,24
Jacuí,1422,39
Piranguinho,1422,48
Pilar,1421,31
Escada,1421,104
Messias,1421,29
Ataléia,1420,11
Água Azul do Norte,1419,18
Jacinto,1419,19
Resende Costa,1419,23
Bujari,1417,17
Taperoá,1417,35
Campo Florido,1416,16
Capoeiras,1415,27
Jardim Alegre,1415,33
Treze de Maio,1415,17
Lindolfo Collor,1415,15
Planalto,1415,22
Nova Olinda,1414,51
São José da Tapera,1414,41
Montividiu,1413,30
Guidoval,1412,22
Ametista do Sul,1412,26
Terezópolis de Goiás,1412,29
Santa Fé de Goiás,1411,22
Sirinhaém,1408,57
Nova Aliança,1408,27
Pinhalzinho,1408,10
Dois Irmãos do Buriti,1408,29
Ibaretama,1406,27
Aparecida,1406,15
Ubaitaba,1406,45
Ponto Belo,1406,16
Crissiumal,1406,23
Congonhinhas,1405,30
Santa Fé,1405,49
Itinga do Maranhão,1404,32
Ilha de Itamaracá,1403,35
Ouro Verde do Oeste,1403,34
Antônio Carlos,1402,19
Santa Maria de Itabira,1402,40
Silvanópolis,1401,24
Mato Verde,1400,15
Fagundes,1397,23
São Sebastião de Lagoa de Roça,1395,22
Grossos,1394,22
Pedro Velho,1394,14
Bom Jesus,1394,24
Manoel Vitorino,1393,33
Capetinga,1393,34
Borrazópolis,1391,35
Barra do Ribeiro,1391,55
Piranhas,1390,27
Santa Margarida,1389,35
Nova Glória,1388,31
Igarapava,1387,96
Narandiba,1387,22
Cotriguaçu,1387,39
Pendências,1386,44
Divinolândia,1386,48
São Jorge do Ivaí,1386,14
Anajás,1384,22
Serra Azul,1384,17
Batalha,1383,36
Porto Alegre do Norte,1382,23
Lagoa de Itaenga,1381,31
Ipiguá,1381,31
São João do Soter,1380,6
Presidente Bernardes,1379,44
Guaiçara,1378,26
Cansanção,1377,40
Salto do Itararé,1377,38
Guiratinga,1377,40
Ilicínea,1376,30
São Sebastião da Amoreira,1376,28
Laurentino,1376,11
Fontoura Xavier,1376,32
São Domingos do Capim,1373,34
Senador Guiomard,1372,43
Jaguaripe,1372,22
São João Evangelista,1372,21
Triunfo,1371,22
Itacajá,1370,16
Jaci,1369,31
Arês,1368,27
Carnaubais,1367,23
Fervedouro,1367,18
Renascença,1365,22
Pio IX,1363,22
Ponte Alta do Tocantins,1360,17
Alterosa,1359,40
Lagoa da Canoa,1358,24
São Bernardo,1355,22
Rodeio Bonito,1355,8
Salinópolis,1354,104
Ibicoara,1354,11
Conceição dos Ouros,1354,36
Ivaté,1354,4
Glória,1353,26
São Luís Gonzaga do Maranhão,1352,25
Beneditinos,1350,41
Lindóia,1350,18
Antas,1348,13
Santa Luzia do Paruá,1346,14
Cezarina,1346,41
Arauá,1345,23
Jiquiriçá,1344,27
Carolina,1343,26
Terra de Areia,1343,53
Jacaraú,1342,36
Salto Grande,1341,18
Sento Sé,1340,50
Arealva,1340,22
Campos de Júlio,1340,12
Lagoa Grande,1338,32
Dourado,1337,19
Lucena,1336,19
Serra Branca,1336,36
Itabirinha,1336,44
Natividade,1335,24
Poranga,1335,17
Poço Branco,1335,17
Guia Lopes da Laguna,1335,35
Rio Bonito do Iguaçu,1334,15
Mogeiro,1329,19
Ipubi,1329,66
Nova Laranjeiras,1329,12
Passa e Fica,1327,7
Duartina,1327,28
Descanso,1326,19
Estação,1325,21
Anajatuba,1323,27
Passagem Franca,1321,30
Várzea da Roça,1321,10
Iapu,1321,37
Mirante do Paranapanema,1321,46
Comendador Levy Gasparian,1320,32
Roca Sales,1320,29
Vianópolis,1319,38
Pratápolis,1318,25
Igaratinga,1315,15
Guadalupe,1314,26
São José da Barra,1314,18
Cacaulândia,1312,17
Felipe Guerra,1312,18
Icaraíma,1312,16
Gonçalves Dias,1311,29
Pontal do Araguaia,1311,25
Jandaia,1310,27
Agudos do Sul,1309,33
Satuba,1308,39
Palmitinho,1308,14
Uiramutã,1306,22
Jussara,1305,7
Erval Velho,1305,13
Mirandiba,1304,19
Carmo de Minas,1304,29
Macuco,1304,13
Ubarana,1304,18
Panelas,1303,31
Cacimba de Dentro,1301,38
Carmo da Cachoeira,1301,22
Conceição da Aparecida,1301,11
Mondaí,1301,12
Inaciolândia,1301,33
São João,1298,28
Peçanha,1297,23
Arvorezinha,1297,30
Nova Lacerda,1297,13
Coribe,1296,19
Virgínia,1295,12
Cristais Paulista,1295,17
Faro,1291,30
Taipu,1290,17
São Simão,1290,35
Augusto Pestana,1289,14
Conquista,1287,18
Sanclerlândia,1287,30
Santa Bárbara do Pará,1286,27
Boa Vista do Buricá,1286,11
Belo Vale,1283,12
Carmo da Mata,1283,11
Joanópolis,1283,8
Pão de Açúcar,1282,30
Santa Luzia,1282,33
Quatis,1282,32
Laranjal,1281,28
Santa Branca,1281,35
Bonito,1280,14
Machadinho,1280,13
Cristina,1279,9
Icém,1279,30
Paraibuna,1279,52
Mallet,1279,14
Triunfo,1277,22
Bofete,1276,24
Monsenhor Paulo,1275,10
Américo de Campos,1275,35
Treze Tílias,1275,16
Cabixi,1274,22
Indianópolis,1274,11
Indiara,1273,56
São Tomé,1272,5
Governador Mangabeira,1271,18
Coroados,1271,21
Lajes,1270,13
Itueta,1270,6
Alfredo Wagner,1270,10
Salete,1270,9
Formosa do Oeste,1269,23
Vale do Paraíso,1268,27
Ibiassucê,1268,7
Peritoró,1267,10
Colméia,1265,29
Paulo Ramos,1264,38
Nova Floresta,1264,16
Capela,1264,18
Acari,1263,22
Paulistana,1261,16
Saboeiro,1261,19
Fátima,1261,14
Guarani,1261,8
Marumbi,1260,14
Pinhalão,1260,22
Capivari do Sul,1260,9
São Félix,1259,8
Palmácia,1257,23
Moita Bonita,1257,14
Luzerna,1257,16
São Caetano de Odivelas,1256,35
Iguaracy,1256,30
Rio Formoso,1256,43
Jordânia,1253,14
General Salgado,1253,43
Aurora,1253,20
Redentora,1253,31
Nazário,1253,26
Banzaê,1252,11
Ipuaçu,1251,17
Bom Jesus,1250,19
São João do Triunfo,1250,11
Boa Vista,1248,16
Medina,1248,26
Rio das Antas,1248,17
Cachoeira do Piriá,1247,9
Pedralva,1247,14
São José de Ubá,1247,9
Santa Rita de Caldas,1245,36
Porto Calvo,1244,48
Trindade do Sul,1244,18
Pimenteiras,1243,31
Cananéia,1242,33
Tenente Laurentino Cruz,1240,4
Vicentina,1239,32
Salitre,1238,25
Mostardas,1237,27
Cruz do Espírito Santo,1236,28
Jóia,1235,20
Cruzeta,1233,15
Jupi,1233,23
São Félix do Coribe,1233,28
Avanhandava,1233,46
Nova Cantu,1233,20
Batalha,1232,21
São José do Campestre,1231,28
Joaíma,1231,45
Amajari,1230,25
Lagoa de Dentro,1230,10
Paraúna,1230,32
Livramento,1229,9
Rio do Antônio,1229,18
Guarda-Mor,1229,13
São José da Laje,1226,30
Alto Boa Vista,1225,19
Botuverá,1224,11
Santa Terezinha,1223,29
Delfinópolis,1223,12
Indianópolis,1223,7
Iepê,1223,29
São Jerônimo da Serra,1223,31
Padre Paraíso,1222,26
Enéas Marques,1222,17
Presidente Castelo Branco,1222,14
Saudade do Iguaçu,1221,16
Oliveira dos Brejinhos,1220,18
Aurelino Leal,1219,36
Ilha Grande,1218,21
Prados,1218,19
Benedito Novo,1218,20
Iguatemi,1218,15
Dores do Rio Preto,1216,14
Urucânia,1215,29
Cambuquira,1213,31
Campestre do Maranhão,1212,48
Lençóis,1212,20
Sabinópolis,1212,24
Curimatá,1211,17
Guaramiranga,1211,4
Quipapá,1211,18
Luiziana,1211,15
Morro Reuter,1211,17
Minas Novas,1210,25
Floraí,1210,12
Monte Castelo,1210,24
Lima Campos,1209,14
Senador Firmino,1209,10
Olho d'Água do Borges,1208,8
Anagé,1208,31
Rondinha,1207,18
Baianópolis,1206,22
São José do Ouro,1206,18
Iguaí,1205,40
Itatuba,1204,21
Tomar do Geru,1204,28
Barros Cassal,1204,15
Santana do Matos,1202,20
Gurinhém,1200,18
Quebrangulo,1200,15
Salvador do Sul,1200,4
Landri Sales,1199,21
Tupandi,1199,16
Arraias,1198,13
Cachoeira dos Índios,1198,23
Aparecida d'Oeste,1198,22
Palmas de Monte Alto,1197,18
Alto Jequitibá,1197,13
Itambaracá,1197,20
Breu Branco,1196,67
Ribeirão Bonito,1196,30
Maiquinique,1195,14
Paramoti,1194,19
Adustina,1194,27
Maruim,1193,42
Baixa Grande,1193,20
Pouso Alto,1193,28
Araricá,1193,28
Glorinha,1193,32
Carutapera,1192,38
Monte Alegre do Piauí,1192,18
Trajano de Moraes,1192,5
Abel Figueiredo,1191,12
Mirabela,1191,22
Guatambú,1189,20
Japurá,1188,11
Orocó,1187,15
Porto Firme,1187,16
Santo Antônio do Jacinto,1187,15
Santa Luzia D'Oeste,1186,21
Juazeirinho,1186,18
Recreio,1186,20
Virginópolis,1186,10
Axixá do Tocantins,1185,23
Dom Basílio,1184,16
Goiatins,1183,17
Nazaré da Mata,1183,83
Junqueiro,1183,49
Serrolândia,1183,13
Tocantínia,1182,13
Esperantinópolis,1182,29
Pereiras,1182,23
Pranchita,1182,10
Coronel Sapucaia,1182,37
Castanheira,1181,29
Caetanópolis,1180,21
São Miguel das Missões,1180,17
Terra Roxa,1179,33
Casserengue,1178,22
Herculândia,1178,28
Jenipapo dos Vieiras,1177,22
Flores,1177,38
Poço Redondo,1177,32
Centro Novo do Maranhão,1176,12
Ereré,1176,16
Lindóia do Sul,1176,12
Nortelândia,1176,26
São Francisco de Sales,1174,32
Campo Alegre de Lourdes,1172,37
Itagi,1171,23
São Domingos,1170,13
Santa Cruz da Conceição,1170,14
Vargem Bonita,1170,8
Cantanhede,1168,14
Ribeira do Amparo,1166,9
Macaubal,1166,19
Tupãssi,1166,23
Tombos,1165,19
Belém do São Francisco,1164,14
Juarez Távora,1163,14
Aracatu,1163,19
Marilena,1162,19
Nova Timboteua,1161,19
Cariri do Tocantins,1161,18
João Lisboa,1161,61
Jitaúna,1159,30
Malhador,1157,30
Santo Antônio do Pinhal,1157,9
Doutor Camargo,1157,17
Campinas do Sul,1157,6
Alto Paraíso de Goiás,1156,9
Itainópolis,1155,11
Conde,1154,17
Bela Vista de Minas,1154,25
Terra Nova,1153,15
Fernando Prestes,1152,12
Itaipava do Grajaú,1151,12
Andaraí,1151,12
Murici,1150,49
Pintadas,1150,8
Dom Feliciano,1150,26
Rio Branco,1149,21
Caraí,1148,20
Itaguari,1148,18
Ouvidor,1148,28
Boa Nova,1147,22
Angicos,1145,26
Cumaru do Norte,1144,12
Doutor Severiano,1143,23
Doverlândia,1143,21
Wanderley,1142,30
Apiúna,1140,19
Heliópolis,1139,13
Patrocínio Paulista,1137,37
Bananal,1135,4
Sinimbu,1135,22
Aliança do Tocantins,1134,25
Tupanatinga,1134,12
Nova Tebas,1134,17
Santana do Manhuaçu,1131,16
Nova Esperança do Sudoeste,1131,11
Maquiné,1131,23
Harmonia,1129,14
São Vicente,1128,3
Cristópolis,1128,10
Tavares,1127,19
Bom Jesus do Araguaia,1127,17
Porto dos Gaúchos,1127,9
Ferreiros,1126,21
Tucunduva,1124,20
Pau Brasil,1123,27
Carmópolis,1121,40
Mucurici,1121,10
Maripá,1121,19
Umirim,1120,41
Santa Carmem,1120,14
Arara,1119,30
Caraá,1119,27
Rosário do Ivaí,1116,9
Coqueiral,1114,24
Riacho dos Cavalos,1113,17
Francisco Sá,1113,48
Alvorada do Sul,1113,30
Itiruçu,1112,25
São João do Sabugi,1111,9
Marcação,1111,10
Combinado,1110,16
Juru,1110,17
Iati,1110,19
Getulina,1110,35
Jauru,1109,36
Figueirópolis,1108,21
Paramirim,1108,20
Sertaneja,1106,18
Palmeira d'Oeste,1105,22
Vila Flores,1104,13
Itapitanga,1103,15
Bandeira do Sul,1103,15
Brejo Grande do Araguaia,1102,6
Rafard,1102,12
Conselheiro Mairinck,1102,17
Buritirama,1100,25
Cocos,1100,18
Rianápolis,1100,13
São Mamede,1099,33
Cuitegi,1098,25
Marcelino Vieira,1097,15
Felisburgo,1097,17
Capim Branco,1096,20
Alto Rio Novo,1096,28
Afrânio,1095,16
Ibimirim,1095,28
Rio Pomba,1095,39
Santa Cruz,1094,12
Estrela do Sul,1093,23
Senador Amaral,1093,11
Inconfidentes,1092,12
Poloni,1092,18
Santana do Itararé,1092,30
Dário Meira,1091,22
Vale Real,1091,13
Fronteiras,1090,11
Teofilândia,1090,22
Bom Retiro,1090,22
Moreilândia,1089,12
Filadélfia,1089,32
Teolândia,1089,10
Itiquira,1089,16
Arari,1087,35
Major Isidoro,1087,23
Nova Maringá,1087,10
Salgado de São Félix,1086,13
Braço do Trombudo,1086,7
Mortugaba,1085,15
Coronel Bicaco,1083,37
Mato Leitão,1083,8
Mulungu,1082,21
Morungaba,1082,28
Uraí,1081,34
Acorizal,1081,22
Corumbá de Goiás,1081,32
Caibi,1079,16
Rio dos Cedros,1079,28
Santa Rita,1078,32
Bernardino de Campos,1078,35
Lobato,1077,15
Brejo,1076,19
Cafarnaum,1076,24
Uibaí,1076,25
Carbonita,1076,6
São Carlos,1076,22
Zortéa,1076,14
Lavínia,1074,17
São João d'Aliança,1074,29
Catarina,1073,20
Sapopema,1073,18
Novo Barreiro,1073,24
Juruá,1072,17
Cerro Grande do Sul,1072,25
Cutias,1071,7
Imaruí,1071,23
Nova Guarita,1071,16
Cabaceiras do Paraguaçu,1070,6
Muçum,1070,13
Caputira,1069,20
Independência,1069,11
Potiretama,1067,8
São João do Jaguaribe,1067,12
Jacaraci,1067,25
Cocalinho,1067,16
Araçu,1067,20
Quixabeira,1066,8
Timbé do Sul,1066,18
Regeneração,1065,26
São João do Manhuaçu,1065,30
São Rafael,1064,17
Aruanã,1064,20
Jaboti,1063,14
Muaná,1062,32
Belo Campo,1061,19
Santa Brígida,1060,21
Guaraci,1060,9
David Canabarro,1059,15
Montes Altos,1058,14
Gado Bravo,1058,12
Cedro de São João,1058,20
Gouveia,1058,35
Passa Tempo,1058,8
Altinópolis,1058,62
General Câmara,1058,24
São José da Boa Vista,1057,24
Uiraúna,1056,30
São Geraldo,1056,28
Cacequi,1056,14
Taperoá,1055,20
Piaçabuçu,1055,23
Santana de Cataguases,1055,6
Pratânia,1054,13
Piçarra,1052,9
Andorinha,1052,18
Piripá,1052,11
Tapira,1052,12
Vale do Sol,1052,22
Ibitiara,1051,13
Paraibano,1050,39
Quinta do Sol,1050,10
Ibipeba,1048,13
Alvorada do Norte,1046,17
Americano do Brasil,1045,25
Lagoa do Barro do Piauí,1044,8
Mundo Novo,1044,8
Matões,1043,14
Penaforte,1043,14
São Tomás de Aquino,1043,26
Nova Fátima,1042,14
Irineópolis,1042,15
Brejinho de Nazaré,1041,19
Calumbi,1041,5
Candiba,1041,17
Capela do Alto Alegre,1041,19
São Miguel do Gostoso,1040,18
Pirajuba,1040,27
João Alfredo,1038,52
Itamarati,1037,9
Nina Rodrigues,1037,20
Wagner,1037,9
Engenheiro Caldas,1037,31
Leopoldo de Bulhões,1037,18
Miradouro,1036,13
Ciríaco,1036,27
Três Fronteiras,1035,35
Itaúba,1034,30
Buriti,1032,9
Caiçara,1032,14
Jatobá,1032,19
Marapanim,1031,45
Rodrigues Alves,1030,14
São Joaquim do Monte,1030,37
Roque Gonzales,1030,11
Águas Mornas,1029,11
Gouvelândia,1029,13
Jaçanã,1028,7
Brejões,1028,13
Santa Maria do Suaçuí,1028,22
Águas da Prata,1028,30
Ariranha,1027,34
Mendes Pimentel,1026,11
Guaraçaí,1026,28
Ouro Verde,1026,30
Agronômica,1026,14
Boracéia,1025,25
Itambé,1025,36
Custódia,1023,66
Irapuã,1023,30
Itaíba,1022,14
Barro Alto,1022,15
Alto Parnaíba,1021,11
Serra do Mel,1020,19
Cachoeira Dourada,1020,33
Santa Rosa do Purus,1019,7
Governador Edison Lobão,1019,34
Manaíra,1018,7
Camutanga,1018,25
Angical,1018,20
Pompéia,1018,46
Rio Acima,1017,32
São João do Oriente,1017,26
Jaborá,1017,11
Rosário do Catete,1016,20
Rio Crespo,1014,13
São Bento do Tocantins,1014,9
Morro do Chapéu do Piauí,1014,6
Dom Aquino,1014,25
Lagoa do Piauí,1012,5
São João da Urtiga,1012,6
Aveiro,1011,15
América Dourada,1011,13
Piraí do Norte,1011,12
Abadia dos Dourados,1010,20
Barão,1010,13
Sertão,1009,16
Tasso Fragoso,1008,9
Souto Soares,1008,22
Petrolândia,1008,28
São Martinho,1008,12
Santa Albertina,1006,26
Fortaleza dos Valos,1006,10
São Francisco do Pará,1005,36
Alfredo Vasconcelos,1005,16
Iacri,1005,17
Cândido Godói,1005,5
Cristal,1005,22
São Miguel do Tocantins,1004,17
Campo Belo do Sul,1004,23
Pedro Osório,1003,27
Quatipuru,1002,19
Heliodora,1002,17
Sapucaí-Mirim,1002,7
Treviso,1002,13
Pindaí,1001,12
Bom Jesus da Penha,1001,20
Campina das Missões,1001,11
Severiano Melo,999,13
Piranga,999,37
Manoel Viana,999,12
Itatim,998,27
Muniz Ferreira,998,3
Flor da Serra do Sul,998,25
Aldeias Altas,997,14
Selbach,997,26
Ibitirama,995,18
São Pedro do Turvo,995,14
Caapiranga,994,22
Aiuaba,994,16
Guaraqueçaba,994,19
Manduri,993,24
Simões,992,15
Terra Nova,991,25
Barra de São Miguel,990,10
São Pedro de Alcântara,990,16
Cotiporã,990,5
General Carneiro,989,38
Tacuru,989,16
Junco do Seridó,988,12
Siriri,988,13
Bertolínia,987,12
Caatiba,986,15
Várzea Nova,986,12
Serrania,986,23
Vidal Ramos,986,13
São Miguel das Matas,985,8
Alpestre,985,17
Taiúva,983,17
Santa Maria das Barreiras,982,13
Marcolândia,982,21
Boquira,982,24
Olho d'Água das Cunhãs,981,31
Olinda Nova do Maranhão,981,12
Brejo dos Santos,981,8
Coração de Jesus,981,22
Itapissuma,980,50
Santa Maria do Herval,979,16
Serra Preta,978,21
Quatro Pontes,978,9
Turvelândia,978,17
Floresta Azul,977,21
Tangará,976,18
Campo Novo,976,21
Iuiu,975,12
Santo Inácio,973,20
Espírito Santo,972,14
Queluz,972,25
Barrocas,971,27
Nova Soure,970,27
Passo do Sobrado,970,15
Macarani,969,28
Santana da Vargem,969,13
Clementina,969,22
Serranópolis do Iguaçu,969,14
Pedras Grandes,969,23
Faina,969,14
Bom Jesus do Tocantins,968,28
Portalegre,968,16
Lagoa Real,968,12
Nova Campina,967,44
Deputado Irapuan Pinheiro,966,13
Orizona,966,31
Itapé,964,31
Carnaúba dos Dantas,963,9
Macajuba,963,12
Inhaúma,963,22
Braganey,963,11
Bagre,962,12
Grão Mogol,962,12
Iraí,962,16
Santa Rita do Itueto,961,8
Santa Terezinha,960,16
Santa Fé do Araguaia,959,13
Córrego Fundo,959,8
Bilac,959,22
Mercedes,959,10
Santa Luzia do Itanhy,958,14
Pato Bragado,958,11
Pareci Novo,958,8
Canudos,957,18
Jucuruçu,957,12
Barão de Cotegipe,957,10
Italva,956,36
Santa Rita do Pardo,956,10
Denise,956,19
Nova União,955,15
Divinópolis do Tocantins,955,11
Cacimbinhas,955,12
Puxinanã,954,8
Canitar,954,26
São Pedro da Cipa,953,27
Igarapé do Meio,951,30
Cristino Castro,951,13
Mascote,951,26
São Luiz do Paraitinga,951,29
Japira,951,15
Primavera,950,22
Esperantina,950,22
Cotegipe,949,24
Sud Mennucci,949,16
Alto Paraguai,949,31
Afonso Bezerra,948,18
Ibiaçá,948,14
Manoel Urbano,947,15
Divina Pastora,947,12
Araújos,947,14
Alcantil,946,8
Antônio Gonçalves,946,10
Frei Inocêncio,946,31
Dois Irmãos do Tocantins,945,20
Barra de Santana,945,8
Diamante,945,11
São Vicente do Sul,945,20
Monte Castelo,944,20
Campo Redondo,943,14
Rio Vermelho,943,4
São Domingos,942,31
São Pedro do Iguaçu,942,23
Theobroma,941,26
São João do Caiuá,941,13
Aramari,940,14
Salto Veloso,940,8
Jati,939,14
Xambrê,939,8
Erval Seco,939,7
Ribeiro Gonçalves,938,16
Onda Verde,938,28
Arroio Trinta,937,15
São José do Xingu,937,18
Tremedal,936,17
Aguanil,936,8
São José do Hortêncio,933,12
Lago Verde,930,26
Sátiro Dias,930,16
Brejinho,929,22
Serra do Ramalho,927,34
Rio do Oeste,927,17
General Carneiro,927,23
Branquinha,926,15
Piedade de Caratinga,925,26
João Ramalho,925,12
Reserva do Iguaçu,924,9
São José do Cerrito,923,15
Urandi,922,9
Cruzeiro do Sul,921,12
Serra Redonda,920,12
Monte Alegre de Sergipe,920,13
Itapebi,920,27
Itambacuri,920,28
Lindoeste,920,10
Vila Maria,920,10
São Bento,919,29
Claraval,919,4
Rio do Campo,919,8
Paverama,918,20
São Valério,917,17
Passo de Camaragibe,917,23
Taquaritinga do Norte,916,26
Anta Gorda,916,8
Gongogi,915,18
Santa Helena,914,13
Pocrane,914,10
Caiçara,914,11
Sertão Santana,914,11
São José do Seridó,913,2
Brochier,913,6
Pariconha,912,10
Antônio Martins,911,7
Vicência,911,37
Bom Jesus do Galho,911,38
Timbó Grande,911,17
Torixoréu,911,22
Governador Nunes Freire,910,11
Ipumirim,910,11
Morada Nova de Minas,909,12
Turilândia,908,11
Conceição,908,30
Curvelândia,908,19
Riachuelo,907,13
Solidão,907,4
Araguacema,906,19
Iraí de Minas,906,15
Catiguá,906,40
Progresso,906,14
Bom Jesus do Sul,905,8
Bom Jardim da Serra,905,8
Varjão de Minas,904,15
Nilo Peçanha,903,17
Estiva Gerbi,903,34
Boa Ventura,902,12
Condado,902,10
Caldazinha,902,12
Carmo do Rio Verde,902,28
Nova Palma,901,12
Quinze de Novembro,901,12
União do Sul,901,16
Rio de Contas,900,7
Darcinópolis,898,13
Rio do Fogo,898,14
Laje do Muriaé,898,15
São Martinho,898,15
São João do Arraial,897,10
Santo Antônio do Jardim,897,21
Duque Bacelar,895,19
Mirador,895,9
Cunha,895,15
Novo São Joaquim,895,23
Angical do Piauí,894,12
Desterro de Entre Rios,894,10
Segredo,893,7
Paranaiguara,893,53
Chalé,892,12
Rio Preto,892,6
Urupês,892,47
Babaçulândia,891,8
Ouro Verde de Goiás,891,11
Barra do Mendes,890,18
Mariópolis,890,25
Jericó,889,15
Nova Independência,889,7
Nova Palmeira,888,6
Tarabai,888,31
Pilão Arcado,887,26
Tunas do Paraná,887,23
Iporã do Oeste,887,16
São Felipe D'Oeste,886,13
Senador José Porfírio,886,20
Barra de São Miguel,886,8
Guaraciaba,886,33
Antônio João,886,20
Antonina do Norte,884,26
Porto Rico,884,7
Boa Esperança,883,19
Itarumã,883,22
Baião,882,39
Loreto,882,6
Divisópolis,882,7
Turvânia,882,26
Água Boa,881,12
Isaías Coelho,878,9
Caturaí,877,24
Santa Cruz do Piauí,876,15
Porangaba,876,21
Leópolis,876,13
Paula Freitas,876,16
Boqueirão do Piauí,873,14
Santana do Mundaú,873,19
Pejuçara,873,8
Novo Horizonte do Oeste,872,24
Piranguçu,871,16
Itacarambi,870,18
Santa Terezinha,869,12
Palestina do Pará,868,11
Abaiara,868,17
Nazareno,868,10
Entre Rios,868,10
Rio Fortuna,868,11
Tacaratu,867,29
Itamarati de Minas,867,6
Nossa Senhora dos Remédios,866,13
Lagoa dos Gatos,866,11
Nossa Senhora das Graças,866,10
São Sebastião do Maranhão,865,3
Inúbia Paulista,865,17
Primeiro de Maio,865,33
Caxambu do Sul,865,13
Araponga,864,12
Sericita,863,4
Fernando Falcão,862,3
Nossa Senhora Aparecida,862,18
Pacatuba,862,25
Janiópolis,862,22
Bernardo Sayão,861,13
Pirpirituba,861,17
Barreiros,861,67
Varzelândia,861,33
Tapiraí,861,10
Ibirarema,860,33
Monte Alegre do Sul,860,17
Amaraji,858,49
Crucilândia,858,8
Paulicéia,858,20
Carlópolis,857,36
Pedra Grande,856,5
Soledade de Minas,856,10
Pedro Gomes,855,19
São José do Sabugi,854,8
Vertente do Lério,854,8
Piacatu,854,10
Morro Grande,854,7
Bom Jardim de Minas,853,5
Careaçu,853,16
Datas,853,13
Chuí,853,4
Água Doce do Maranhão,852,10
Arataca,852,16
São João do Manteninha,852,12
Lambari D'Oeste,852,16
Nazarezinho,851,18
Colorado,851,14
Capitão de Campos,850,28
Machacalis,850,13
São Tomé das Letras,850,6
Pirambu,847,28
Canhotinho,846,32
Paranhos,846,15
Araguanã,845,5
Janduís,845,9
Espigão Alto do Iguaçu,845,7
Araguapaz,845,31
Tanquinho,844,17
São Paulo das Missões,844,10
Eldorado do Carajás,843,34
Rancho Alegre,843,7
Barbosa,842,23
Taciba,842,26
Munhoz de Melo,842,10
Nova Olímpia,842,19
Cacique Doble,842,14
Barão de Melgaço,842,17
Serrinha,841,11
Madre de Deus de Minas,840,13
Santa Maria da Serra,840,8
Cordilheira Alta,840,8
Campestre de Goiás,840,15
Vargem,839,4
Toledo,838,33
Cafelândia,838,54
Barrolândia,837,20
São Roberto,837,6
Igrapiúna,837,14
São José da Vitória,837,11
Ijaci,837,15
São Luiz,836,13
Ibiara,836,5
Faxinal do Soturno,835,10
Atalaia,834,25
Anapurus,832,15
Pérola d'Oeste,832,8
Boa Ventura de São Roque,831,8
Sete Quedas,831,21
Feira Grande,830,21
Rio Quente,830,9
Nova Canaã,829,24
Açucena,828,38
Nova Europa,828,29
Tamboara,828,15
Santa Terezinha,828,7
Gameleira de Goiás,828,10
Desterro,827,12
Nova Itarana,827,9
Iguaraçu,827,23
Cafezal do Sul,826,8
Cosmorama,825,43
Miraguaí,825,16
Santana do Jacaré,824,11
Altaneira,823,19
Xexéu,823,29
Boninal,823,9
Santa Inês,823,12
Ipiaçu,822,7
Riachinho,822,10
Indiaporã,820,14
Ponte Alta,820,15
Grandes Rios,819,18
Paranã,818,13
Prudente de Morais,818,22
Governador Newton Bello,817,11
São João do Itaperiú,817,14
Canabrava do Norte,816,14
Pardinho,815,17
Dona Emma,815,5
Araçoiaba,814,34
Santo Antônio do Aventureiro,814,20
Imbuia,814,11
Vila Nova dos Martírios,813,9
Apuarema,813,11
Barra Funda,813,14
Ipiranga do Piauí,812,18
Cachoeirinha,812,34
Sítio do Quinto,812,11
Cruzeiro do Iguaçu,812,14
Águas de Chapecó,812,12
Itaguatins,810,18
Itaubal,809,3
Dona Inês,809,21
Turvolândia,809,13
São Bento do Sapucaí,809,13
Ibitiúra de Minas,808,5
Santa Helena de Minas,808,7
Fênix,808,8
Cordeiros,807,6
Echaporã,807,26
Lunardelli,807,8
Gaurama,807,6
Água Branca,806,25
Planaltino,806,9
Presidente Jânio Quadros,806,13
Umburanas,806,10
Santa Rita de Minas,806,16
Sertãozinho,805,7
Lajedo do Tabocal,805,14
Encanto,804,17
Capixaba,803,17
Santa Maria do Salto,803,19
Honório Serpa,803,11
Jucati,800,12
São Sebastião do Alto,800,31
São Vicente do Seridó,799,3
São Sebastião da Bela Vista,799,15
Águas Frias,799,4
Luís Gomes,798,10
Serrinha dos Pintos,798,4
Saloá,798,26
Arneiroz,797,21
Riachuelo,797,18
Bonfinópolis de Minas,797,14
Três Palmeiras,797,18
Montanhas,796,15
Palma,796,14
Encruzilhada,795,21
Monte do Carmo,794,12
Agricolândia,794,10
Alto Rio Doce,794,29
Nova Santa Bárbara,794,20
Maria Helena,793,5
Gurinhatã,792,5
Jequeri,791,24
Lidianópolis,791,10
Caetanos,790,12
Japaraíba,790,8
Regente Feijó,790,69
Nova Alvorada,790,8
Araruna,788,18
Pastos Bons,787,21
Nordestina,786,31
Laguna Carapã,786,11
Aragominas,785,11
Jandaíra,784,9
Tuparetama,783,29
Taquarana,783,26
Sítio Novo do Tocantins,781,11
Tamandaré,781,37
Cajueiro,781,31
Picada Café,781,11
Santa Cruz,780,9
Carrancas,780,10
Lassance,780,6
Baixio,777,15
Fernandes Pinheiro,776,14
Guapirama,776,15
José Boiteux,776,11
Palmeiras do Tocantins,775,6
Barro Duro,775,12
Paraná,775,2
Córrego do Bom Jesus,775,8
Curral de Dentro,775,14
Dom Joaquim,775,7
Riqueza,775,16
Tibau,774,12
Milagres,774,8
Virgem da Lapa,774,7
Joaquim Gomes,773,27
Putinga,773,19
Novo Horizonte do Norte,773,9
São Sebastião da Boa Vista,772,26
Nova Fátima,772,6
Foz do Jordão,772,17
Piritiba,771,15
Maximiliano de Almeida,771,12
Coimbra,770,12
Itaquitinga,769,34
Poção,769,18
Natércia,768,8
Alto Longá,767,15
Ouro Branco,767,6
Maturéia,766,13
Novo Oriente de Minas,766,18
Ipeúna,766,22
Edealina,766,7
Portelândia,766,13
Maracanã,765,49
Flexeiras,765,20
Baraúna,764,9
Santa Bárbara do Leste,764,28
Mirassolândia,764,18
Itaguaru,764,19
Duas Estradas,763,19
Jaborandi,763,10
Colares,762,22
José da Penha,762,11
Bonito de Santa Fé,762,14
Camocim de São Félix,762,21
Pacujá,761,13
Araçás,761,17
Anchieta,761,11
Pinheiro Preto,761,9
Britânia,761,9
Tuiuti,760,3
Nova Erechim,760,10
Santanópolis,758,12
Munhoz,758,15
Urubici,758,27
Santarém Novo,757,8
Serra Caiada,757,19
São João do Oeste,757,9
Potengi,756,7
Jurema,756,26
São Domingos das Dores,755,13
Volta Grande,755,15
Caldas Brandão,754,10
Atalanta,754,11
Tracuateua,752,25
Viana,752,45
Serraria,752,11
Sampaio,751,10
Camalaú,751,7
Guairaçá,751,18
Aurilândia,751,14
Jussari,750,12
Minas do Leão,750,11
Pau D'Arco,749,12
Couto Magalhães,749,8
Riacho de Santana,749,1
Periquito,749,25
Lontra,748,10
Itobi,748,22
Antônio Olinto,748,16
Herval,748,18
Queimada Nova,747,6
Itajá,747,13
Catas Altas,747,13
Aguiarnópolis,746,14
São Sebastião do Oeste,746,15
Paraíso do Sul,746,16
Carrasco Bonito,745,7
Macambira,745,8
Tiros,745,15
Bom Sucesso do Sul,745,9
Diamante D'Oeste,745,20
Piratuba,745,11
Santo Amaro das Brotas,744,19
Jussara,744,13
Paraíso das Águas,744,17
Ubaí,743,1
Vereda,742,19
Catuji,742,8
Cuparaque,742,9
Itaara,742,18
Barra do Turvo,741,23
Filadélfia,740,14
Tarrafas,740,18
Itarantim,740,31
Santópolis do Aguapeí,740,18
Maranhãozinho,739,9
Traipu,738,25
São Miguel do Anta,738,13
São Luiz do Norte,738,19
Iguatama,737,11
Cabeceiras do Piauí,736,17
Umbuzeiro,736,14
Machados,736,18
Dom Cavati,736,23
Salto da Divisa,736,19
Irapuru,736,38
Rubinéia,736,11
Entre Folhas,735,14
Diamante do Sul,734,17
Rio Manso,733,11
Central de Minas,732,36
Pirapemas,731,13
Lagamar,731,14
Palestina,731,41
Ministro Andreazza,730,15
Terra Alta,730,23
Quixaba,730,14
Jequiá da Praia,730,11
Jangada,730,22
Fátima,729,10
Pilõezinhos,729,14
São Fidélis,729,104
Campo Grande,728,14
Tapira,728,5
Brasilândia do Sul,728,13
Matias Olímpio,727,14
Santa Maria do Cambucá,727,20
Ibateguara,727,20
Porto Amazonas,727,20
Itaguaçu da Bahia,726,8
Queiroz,726,3
Restinga,726,10
Brasileira,725,16
Ramilândia,725,12
Guarujá do Sul,725,11
Colinas,725,3
Porto Estrela,725,14
Gilbués,724,6
Hugo Napoleão,724,9
Malta,724,13
São Bonifácio,724,7
Barracão,724,17
Liberato Salzano,724,11
Cumaru,722,22
Dois Riachos,722,8
Ouro Branco,722,11
Barro Preto,722,13
Coluna,722,9
Santa Lúcia,722,24
Hulha Negra,722,9
Sobrado,721,9
Ferros,721,12
Riachinho,720,10
Pedrinhas,720,18
Ribamar Fiquene,719,20
Buriti dos Montes,719,10
Aguiar,719,5
Almadina,719,12
Ponto Novo,719,13
São Francisco do Brejão,718,1
Lagoa do Ouro,718,13
Muquém do São Francisco,718,8
Itagimirim,717,15
Divisa Nova,717,13
Tumiritinga,717,14
Sul Brasil,717,7
Sentinela do Sul,717,20
Mundo Novo,717,22
São Miguel do Passa Quatro,717,10
Soure,716,25
Chã de Alegria,716,23
Jandaíra,716,13
Cabeceira Grande,716,7
Governador Archer,715,7
Jordão,714,2
Japi,714,9
Governador Jorge Teixeira,713,22
Chaves,713,6
Mucugê,713,11
Rancho Queimado,713,4
Monsenhor Hipólito,712,5
Frei Gaspar,712,14
Brazabrantes,712,7
Elesbão Veloso,711,33
Equador,711,6
Francisco Dantas,711,5
Manari,711,6
Pitangueiras,711,13
Olivedos,710,5
Orizânia,710,13
Timbaúba dos Batistas,709,2
Cubati,709,16
Ribeirão do Sul,709,27
Juti,709,12
Redenção do Gurguéia,707,21
Palminópolis,707,15
Joselândia,706,5
Igaporã,706,24
Baldim,706,22
Santa Cecília do Pavão,706,13
Serra Dourada,705,17
Riachão do Bacamarte,704,1
Quarto Centenário,704,7
São José dos Ausentes,704,13
Davinópolis,703,32
Sairé,703,14
Santa Cruz da Vitória,703,9
Ibiaí,703,11
Aporá,702,19
Itamari,702,11
Amaporã,702,8
Itaquara,700,9
Senhora dos Remédios,700,17
Santa Cruz da Baixa Verde,699,19
Tocos do Moji,698,9
Maravilhas,697,7
Bom Jesus,697,10
Jaquirana,696,10
Colômbia,695,15
Cavalcante,695,6
Normandia,694,36
Varzedo,694,6
Coroaci,694,17
Paulo de Faria,693,36
Taquarivaí,693,20
Aroazes,692,14
Candeal,692,4
Dom Silvério,692,17
São Lourenço da Serra,692,38
Ibema,692,28
Maçambará,692,6
Martins,691,11
Marapoama,691,15
Caridade do Piauí,690,5
Urucuia,690,7
Abadiânia,690,49
Granito,689,8
Guaimbê,689,9
Nova Bréscia,689,13
Novo Triunfo,688,8
Divisa Alegre,688,10
Campos Borges,688,13
Araioses,687,15
Colônia do Piauí,687,5
Elísio Medrado,687,9
Santana,687,46
Pavão,687,12
Pedrinópolis,687,10
Alambari,687,12
Tabaí,687,7
Delfim Moreira,686,27
Paraú,685,13
Saubara,685,19
Avaí,685,13
Ourizona,685,14
Gararu,684,17
Ribeirão Vermelho,684,11
Glicério,684,21
Coronel Barros,684,5
Serra dos Aimorés,683,10
Boqueirão do Leão,682,33
Almino Afonso,681,13
Caturité,681,9
Curral de Cima,681,4
São Bentinho,681,7
Sardoá,681,10
General Sampaio,680,20
Salgado Filho,680,11
Douradina,680,14
Cana Verde,679,10
Salesópolis,679,57
Santa Rita do Araguaia,679,7
Santa Efigênia de Minas,678,12
Celso Ramos,678,6
Santa Cecília,677,4
Novo Itacolomi,676,8
Taquaruçu do Sul,676,8
Campos Verdes,676,18
São Sebastião do Tocantins,675,8
Belém do Brejo do Cruz,675,7
Gentio do Ouro,675,12
Pescador,674,6
Riacho dos Machados,674,8
Fazenda Nova,674,14
Rio dos Bois,673,8
Ninheira,673,9
Lagoa Salgada,672,9
Itinga,672,16
Vera Cruz,672,39
Mulungu do Morro,671,14
Itaporã do Tocantins,670,4
Ângulo,670,8
Pequizeiro,669,12
Bacuri,669,4
Nova Ibiá,669,22
Tapiramutá,669,6
Sulina,668,7
Santa Cecília do Sul,668,3
Formigueiro,667,14
Santa Filomena,666,16
Iporanga,666,7
Selvíria,666,18
Lagoa de Pedras,665,14
Jaqueira,665,17
Antônio Dias,665,27
Cipotânea,665,23
Divinésia,665,9
Nova Porteirinha,665,9
Aratiba,665,8
Córrego do Ouro,665,7
São Miguel do Tapuio,664,14
Saúde,664,4
Coronel Macedo,664,25
Dois Lajeados,663,5
São João do Carú,662,9
Pilões,662,5
Gameleira,662,41
Inimutaba,662,19
Rinópolis,662,18
Cafeara,662,13
São José das Palmeiras,662,13
Parazinho,661,9
Malhada,661,22
Rio Branco do Ivaí,661,13
Montezuma,660,5
Conquista D'Oeste,660,17
Cabeceiras,660,18
Lago dos Rodrigues,659,15
Arandu,658,21
Apicum-Açu,657,11
Varjão,657,14
Bannach,656,3
São José de Espinharas,656,7
Claro dos Poções,656,11
Antônio Cardoso,655,11
Aceguá,655,8
Guarani das Missões,655,17
Vargem Grande do Rio Pardo,654,5
Cabrália Paulista,654,9
Rio Bom,654,13
Biritinga,653,7
Planalto,653,11
Água Santa,653,11
Lagoão,653,14
Rio Negro,653,10
Mata Roma,652,13
Rafael Fernandes,652,4
Mata Verde,652,9
Alvorada do Gurguéia,651,13
Rio Novo,651,28
Bocaina do Sul,651,4
Cerrito,650,13
Tavares,650,12
Bandeirantes,650,12
Santo Antônio das Missões,649,39
São José dos Ramos,648,7
Cristinápolis,648,31
Cruzeiro da Fortaleza,648,7
Itapirapuã Paulista,648,4
Viadutos,648,11
São Gonçalo do Abaeté,647,13
Muricilândia,646,2
Caiçara do Norte,646,12
Bonfim,646,18
Lacerdópolis,646,4
Presidente Lucena,646,4
Capinzal do Norte,645,9
Cidelândia,645,7
Aiuruoca,645,11
Magalhães de Almeida,644,8
Gonçalves,644,8
Alto Paraíso,644,9
Joaquim Nabuco,643,29
Santana do Riacho,643,6
Planalto da Serra,643,9
Santa Tereza de Goiás,643,12
Santa Amélia,642,11
Parecis,641,11
Maxaranguape,641,7
Terezinha,641,9
Vitor Meireles,641,13
Senador Elói de Souza,640,7
Bertópolis,640,6
Cajuri,640,8
Corumbataí,640,7
Santo Antônio do Aracanguá,640,37
Nova Rosalândia,639,13
São Francisco de Paula,638,13
Rio das Flores,638,17
Fagundes Varela,638,4
Colônia do Gurguéia,637,12
Santa Isabel,637,17
Aporé,636,11
Inhapi,635,17
Fortaleza de Minas,635,9
Álvares Florence,635,16
Sagrada Família,635,10
Rincão,634,34
Francisco Alves,634,8
Cromínia,634,9
Saldanha Marinho,633,13
São Domingos do Sul,633,7
Bom Lugar,632,7
Santana do São Francisco,632,15
Virgolândia,632,9
Rosário,631,28
Guzolândia,631,31
Bandeirantes do Tocantins,630,8
Adolfo,630,19
Monte Horebe,629,8
Luisburgo,629,17
Mata,629,13
Morro Redondo,629,18
Bom Sucesso,628,5
Capitão Andrade,628,23
Campina do Monte Alegre,628,25
Goioxim,628,7
Dom Expedito Lopes,627,12
Lucrécia,627,5
Braúna,627,25
Barra do Quaraí,627,9
Serra da Raiz,626,5
Angelina,626,5
Iraceminha,626,4
Mataraca,625,16
Chiapetta,625,17
Bodoquena,625,20
Teixeirópolis,624,9
Itaju,624,8
Ibicaré,624,9
Porto Real do Colégio,623,21
Novo Cabrais,623,6
Dobrada,622,10
São João da Canabrava,621,8
Viçosa,621,4
Marquinho,621,8
Caseara,620,14
Juvenília,619,6
Camargo,619,8
Paim Filho,619,1
Coronel João Pessoa,618,7
Acajutiba,618,24
Santa Rita de Jacutinga,618,9
Santana de Pirapama,617,21
São Francisco de Goiás,617,14
Paulo Frontin,616,4
Santo Antônio da Barra,616,7
Canápolis,614,10
Piedade do Rio Grande,614,10
Santo Antônio do Grama,614,9
Lavras do Sul,614,14
Estrela de Alagoas,613,18
Joca Marques,612,7
Cravolândia,612,2
Nova América da Colina,612,8
Fazenda Vilanova,612,9
Nazaré,611,7
Malhada de Pedras,611,10
Cachoeira do Arari,610,25
Mirante,610,8
Águas de Santa Bárbara,610,20
Divino de São Lourenço,609,14
Arapoema,608,12
Cristalândia,608,17
São Pedro da Água Branca,608,5
Aratuípe,608,12
Marcionílio Souza,608,20
Elisiário,608,9
Boa Hora,607,7
Curral Velho,607,1
Indiaroba,607,31
Mirangaba,607,10
São João da Ponte,607,24
Gália,607,19
Barão do Triunfo,607,8
Doutor Maurício Cardoso,607,16
Umari,605,13
Araguanã,604,16
Conceição do Tocantins,604,12
Luís Domingues,604,3
Naque,604,23
Cruzmaltina,604,7
Planaltina do Paraná,604,6
Novo Santo Antônio,604,6
Poço das Trincheiras,603,11
Várzea do Poço,603,5
São Brás do Suaçuí,603,6
Tio Hugo,603,9
Ingazeira,602,8
Romaria,602,9
Simolândia,602,7
Francisco Santos,601,7
Ribeirão do Largo,601,10
Jeceaba,601,9
Inajá,601,10
Morrinhos do Sul,601,5
Porto Lucena,601,7
Caldeirão Grande,600,6
Cristiano Otoni,600,18
Nova União,600,8
São Francisco do Glória,600,8
Leoberto Leal,600,2
Modelo,600,12
Salvador das Missões,599,9
Guarani de Goiás,599,1
Ouriçangas,597,10
Riversul,597,31
Maripá de Minas,596,12
Lupionópolis,596,21
Caiçara do Rio do Vento,595,8
Santa Cruz do Xingu,595,7
Ielmo Marinho,594,9
Verdejante,594,10
Santa Luzia do Norte,594,9
Caracol,594,11
Pindorama do Tocantins,593,7
Guarará,593,18
Gabriel Monteiro,593,6
Santa Clara do Sul,593,11
Jundiá,592,9
Lastro,592,4
Jequitibá,592,10
Coité do Nóia,591,21
Vila Nova do Sul,591,9
Nova Marilândia,591,8
Albertina,590,11
São Sebastião do Anta,590,13
Anahy,590,13
Arenópolis,590,9
Itapiratins,589,11
Assunção,589,5
Cachoeira de Pajeú,589,11
Rifaina,589,12
Capitão,589,3
Formoso,589,19
Lagoa de São Francisco,588,4
Messias Targino,588,6
Campo Grande,588,11
União de Minas,587,8
Doutor Pedrinho,587,6
Princesa,587,11
Baía Formosa,586,9
Potiraguá,586,12
Espírito Santo do Dourado,586,18
São Vicente de Minas,586,9
Populina,586,14
Quintana,586,31
São Miguel de Taipu,585,11
Japaratinga,585,15
Nova Brasilândia,585,9
Anguera,584,2
Crisópolis,584,16
Três Forquilhas,584,7
Tabocão,583,8
Novo Horizonte,583,10
Santa Rosa de Goiás,583,7
Melgaço,582,17
Lago do Junco,582,6
São José dos Basílios,582,4
Barra do Rocha,582,7
Verdelândia,582,9
Entre Rios do Oeste,582,6
Aiquara,581,12
Jaborandi,580,24
Paraíso,580,25
Calçado,579,7
São Gonçalo do Pará,579,24
São José do Inhacorá,579,2
Lajes Pintadas,578,9
Curralinho,577,35
Timbiras,576,26
Pedro Alexandre,576,9
Alpercata,576,21
Pinheirinho do Vale,576,7
Cerro Corá,575,14
Goianá,575,6
Galiléia,575,26
Jumirim,575,8
Arapuã,575,9
Bom Jesus da Serra,574,11
Iramaia,574,15
Chapadão do Lageado,574,6
São João do Paraíso,573,18
São Pedro da União,573,9
São Pedro,572,14
Braga,572,10
São Fernando,571,6
Belo Monte,571,9
Maribondo,570,18
Itaguajé,570,9
Anaurilândia,570,16
Aral Moreira,570,19
Inajá,569,14
Pedra do Indaiá,569,7
Baliza,569,11
Pureza,568,18
São José do Goiabal,568,15
Ubirajara,568,11
Matrinchã,568,8
Paula Cândido,567,8
Witmarsum,567,5
Caém,566,7
Nova Módica,566,17
Pium,565,8
Severiano de Almeida,565,4
Ribeirão,563,81
São José do Jacuípe,563,2
Jesuânia,563,10
Pedra Branca,562,6
Gracho Cardoso,562,7
Virmond,562,8
Carnaubeira da Penha,561,7
Bossoroca,561,22
Riozinho,561,13
Alagoa,560,8
Coronel Xavier Chaves,560,4
Várzea Grande,559,1
Fernando Pedroza,559,4
Porto de Pedras,559,15
Frei Martinho,557,7
Tacaimbó,557,11
Santana do Deserto,557,16
Galvão,557,12
São Vendelino,557,6
Porto Walter,556,7
Mata Grande,556,21
Mamonas,556,6
Palmópolis,556,11
Bernardo do Mearim,555,7
Granjeiro,555,4
Patrocínio do Muriaé,555,11
Alto Feliz,555,2
Sandolândia,554,9
Sebastião Laranjeiras,554,9
Rochedo,553,10
Nova Santa Helena,553,16
Barra Longa,552,13
Silveiras,552,6
Laranjal,552,13
Bonfinópolis,552,34
Caldeirão Grande do Piauí,551,2
Santa Ernestina,551,18
Brunópolis,551,9
Presidente Castello Branco,551,4
Marcelino Ramos,551,8
Mato Castelhano,551,15
Belmiro Braga,550,4
Confins,550,17
Tarumirim,550,42
Ouro Verde,550,13
Primavera de Rondônia,549,7
Marianópolis do Tocantins,549,14
Ipira,549,7
Xavantina,549,5
Palmeirante,548,9
Porto,548,15
Palmeira,548,5
Sussuapara,547,12
Coqueiro Seco,547,9
Barra de Santo Antônio,546,33
Rio do Prado,546,8
Glória D'Oeste,546,15
Licínio de Almeida,545,12
São Romão,545,7
União do Oeste,545,12
Rafael Godeiro,544,3
São Pedro da Serra,544,2
Maracaçumé,543,8
Brejão,543,9
Martins Soares,543,13
Taparuba,543,10
Bacabeira,542,11
Januário Cicco,542,8
Betânia,542,17
Doutor Ulysses,542,8
Alvarenga,541,6
Paranapuã,541,23
Paranatama,540,20
Sales,539,31
Nova Olinda do Maranhão,538,14
Comendador Gomes,538,5
Santa Mônica,538,12
Campos Lindos,537,6
São Pedro dos Crentes,537,3
Campo Bonito,537,14
Nova Itaberaba,537,5
Carvalhópolis,536,7
Peritiba,536,5
Sobrália,534,21
Novo Brasil,534,11
Nossa Senhora de Nazaré,533,18
Ipecaetá,533,13
Lajedão,533,8
Fronteira dos Vales,533,10
Pontes Gestal,533,9
Cocal de Telha,532,13
Major Sales,532,14
Buenos Aires,532,25
São Pedro do Butiá,532,6
Alegrete do Piauí,531,9
Parisi,531,19
Santo Antônio da Alegria,531,21
Maurilândia do Tocantins,530,4
Santana de Mangueira,530,5
Imbé de Minas,530,10
Luminárias,530,12
Senador Salgado Filho,530,3
Itaú,529,14
Itacuruba,529,7
Chapada do Norte,529,3
Ribeirão Grande,529,26
Professor Jamil,529,13
Morros,528,19
Padre Marcos,528,9
Água Fria de Goiás,528,10
Avelino Lopes,527,21
Tesouro,527,16
Chuvisca,525,4
Divinópolis de Goiás,525,12
Botuporã,524,5
Porto Barreiro,524,4
Colinas do Sul,524,6
Senador Cortes,523,4
Santa Maria do Tocantins,522,3
Nova Colinas,522,6
Cabaceiras,522,5
Nova Olinda,522,11
Coronel Murta,522,8
Barão de Antonina,522,11
Itanagra,520,8
Ponto dos Volantes,520,21
Pingo d'Água,519,13
Damião,518,5
Tracunhaém,518,24
Caraíbas,518,7
Campo Largo do Piauí,517,8
Central,517,18
Matina,517,9
Sarapuí,517,7
Campo Grande do Piauí,516,11
Palestina,516,4
Diamante do Norte,516,16
Iguatu,516,12
Guajeru,515,5
Nipoã,515,16
Bela Vista da Caroba,515,7
Iomerê,515,11
Reduto,514,13
São João das Missões,514,7
Murutinga do Sul,514,19
Chã Grande,513,30
Pedro de Toledo,513,17
Romelândia,513,8
Jaboticaba,513,11
Nova Pádua,513,12
Pinhal,513,5
Novo Horizonte do Sul,513,11
Bonfim do Piauí,512,8
Logradouro,512,10
Pedra Lavrada,512,2
Nossa Senhora de Lourdes,512,13
Comercinho,512,6
Santa Cruz do Escalvado,512,9
Novo Acordo,511,7
Santa Quitéria do Maranhão,510,20
Prata,510,5
Centro do Guilherme,509,5
Euclides da Cunha Paulista,508,15
Damolândia,508,15
Geminiano,507,6
Várzea,507,12
Curralinhos,506,2
Quijingue,506,21
Bandeira,506,10
Pedra Bonita,506,8
Macedônia,506,27
Tacima,505,10
Lagoa d'Anta,504,9
Itaúna do Sul,504,5
Jacutinga,504,4
Pau D'Arco,503,8
Montadas,503,9
São Gonçalo do Rio Preto,503,5
Trombas,503,8
Canaã,502,2
Nova Belém,502,14
Coxilha,502,11
Jacaré dos Homens,501,5
Conceição de Ipanema,501,4
Guatapará,501,25
Francisco Macedo,500,6
Manoel Emídio,500,19
Eugênio de Castro,500,8
Gramado Xavier,500,4
Mutunópolis,500,14
Jateí,499,6
Cajueiro da Praia,498,20
Dom Bosco,498,9
Caibaté,498,7
Nova Roma do Sul,498,6
Figueirópolis D'Oeste,498,9
Porto do Mangue,497,11
Josenópolis,497,3
Bonito,496,15
Santa Maria,496,13
Barra de Guabiraba,496,17
Guarani d'Oeste,496,6
Pracuúba,495,6
Paulino Neves,495,5
Belém do Piauí,495,8
Casinhas,495,13
Cachoeira Dourada,495,2
Campina do Simão,495,15
Corumbataí do Sul,495,7
Flórida,494,11
Amorinópolis,494,11
São José de Caiana,492,10
Frei Rogério,491,11
Vila Propício,491,9
Conceição do Pará,490,11
Tigrinhos,490,2
Dueré,488,10
Cardeal da Silva,488,7
Gavião,488,3
Santo Antônio do Retiro,488,1
Charrua,487,12
Doutor Ricardo,487,4
Penalva,485,14
Pedro Régis,485,8
Emilianópolis,485,8
Nova Boa Vista,485,2
Dores de Guanhães,484,9
Cristal do Sul,484,2
Goiandira,484,16
São Benedito do Sul,483,17
Balbinos,483,4
Ermo,483,6
Vale de São Domingos,483,10
Olho d'Água,482,9
Olivença,482,17
Brejo Grande,482,13
Maetinga,482,7
Bom Jesus do Amparo,482,8
Mariápolis,482,9
Jardinópolis,482,5
Almirante Tamandaré do Sul,482,7
Barão de Grajaú,481,7
Sebastião Leal,481,8
Ibituruna,481,1
Ressaquinha,481,11
Rio Espera,481,11
Setubinha,481,4
Bandeirante,481,6
Jaraguari,481,10
Goianorte,480,7
Lafaiete Coutinho,480,6
Erval Grande,480,7
Paripueira,479,25
Alto Caparaó,479,9
Ribeira,479,8
Pedrinhas Paulista,478,10
São Pedro dos Ferros,477,15
Espírito Santo do Turvo,477,9
Formosa do Sul,477,8
Nova Candelária,477,5
Alcinópolis,477,11
Paulo Jacinto,476,14
Chiador,476,8
Itapura,476,15
Castelândia,476,15
Ichu,475,4
São Francisco do Oeste,474,5
Vista Serrana,474,6
São Brás,474,4
Japonvar,473,6
Vitória das Missões,473,12
Ibirajuba,472,11
Divinolândia de Minas,472,13
Boa Vista do Sul,472,4
Derrubadas,472,6
Carrapateira,471,6
Santana dos Garrotes,471,10
Ponte Alta do Bom Jesus,470,11
Governador Luiz Rocha,470,1
Juazeiro do Piauí,470,4
Presidente Bernardes,470,8
Esperança Nova,470,8
Lajeado Novo,469,14
Areial,469,12
Firmino Alves,469,13
Águas Vermelhas,469,11
Águas de São Pedro,469,15
Novo Horizonte,469,0
São João do Cariri,468,4
Colônia Leopoldina,468,19
Argirita,468,12
Dores do Turvo,468,14
São João do Polêsine,468,6
São José da Safira,467,13
Paranapoema,467,4
Guimarães,466,8
São Bento Abade,466,8
Santa Rosa de Lima,466,5
Passa Sete,466,6
Araguaiana,466,8
Presidente Vargas,465,7
Senador Alexandre Costa,465,1
Tanque d'Arca,465,12
São Miguel do Aleixo,465,5
Dom Viçoso,465,6
Joanésia,465,18
Mercês,465,21
Silvianópolis,465,12
Áurea,465,6
São Gonçalo do Piauí,464,7
Borborema,464,14
São Francisco,464,4
Caparaó,464,7
Vargem Alegre,464,17
Mombuca,464,11
Santa Lúcia,464,8
Igaracy,463,7
Mesquita,463,7
São José do Sul,462,6
José Raydan,461,2
Oscar Bressane,461,8
Três Ranchos,461,13
Santa Rosa do Tocantins,460,7
Sigefredo Pacheco,460,15
Imaculada,460,11
Ponto Chique,460,14
Victor Graeff,459,7
Cumari,459,12
Rodolfo Fernandes,458,11
Major Gercino,458,6
Vista Alegre,458,8
Belmonte,456,5
Capão Bonito do Sul,456,6
Marizópolis,455,13
Jambeiro,455,15
Ocauçu,455,6
Rancho Alegre D'Oeste,455,9
Santa Teresinha,454,13
Guaporema,454,5
São Bernardino,454,4
Pinto Bandeira,454,5
Canapi,453,12
Estrela Velha,453,6
Pimenteiras do Oeste,452,15
Nazária,452,18
Indaiabira,452,1
Barra do Chapéu,452,11
Campestre da Serra,452,3
Nova América,452,6
Chorrochó,451,14
Gonzaga,451,16
Major Vieira,451,6
Avelinópolis,451,17
Presidente Kennedy,450,10
Alegria,450,5
Nova Ramada,450,4
São Valentim do Sul,450,4
Veríssimo,449,10
Rio Sono,448,4
Buritirana,448,25
Sambaíba,447,3
Conceição do Canindé,447,7
Cristália,447,3
Rio Grande do Piauí,446,8
Japoatã,446,23
Ibertioga,446,13
Boa Vista do Incra,446,5
Caseiros,446,14
Vicente Dutra,446,7
Congo,445,14
Itumirim,445,9
Ladainha,445,11
Serra Nova Dourada,445,7
Belágua,444,4
Bocaina,444,10
Icaraí de Minas,444,5
Jaguaraçu,444,11
Natuba,443,7
Lamarão,443,8
Itaju do Colônia,442,8
Conceição da Barra de Minas,442,6
São Jorge,442,11
Ivolândia,442,7
Inhangapi,441,16
Triunfo Potiguar,440,3
Rodelas,440,8
Leandro Ferreira,440,7
Santana da Boa Vista,440,12
Rio dos Índios,439,10
Abdon Batista,438,4
Dom Pedro de Alcântara,438,8
Luciara,438,7
Cachoeira Grande,437,8
Itaeté,437,11
Dionísio,437,17
Santa Mercedes,437,10
Ibirapuitã,437,16
Sandovalina,436,12
Mampituba,436,3
Talismã,435,2
Tabuleiro,435,13
Vieiras,435,6
Vermelho Novo,435,11
Platina,435,11
Vargem,435,10
Capão do Cipó,435,6
Correntes,434,12
Primavera,434,20
Roteiro,434,14
Botumirim,434,4
Santo Afonso,434,14
Floreal,433,7
Ibarama,433,7
Santo Antônio do Leste,432,8
São João da Serra,431,17
São Pedro do Suaçuí,431,11
Manfrinópolis,431,6
Rondolândia,431,5
Patis,430,0
Florínea,430,13
Taiaçu,430,14
Alecrim,430,12
Morpará,429,14
Divino das Laranjeiras,429,15
Nova Canaã Paulista,429,8
Mirim Doce,429,9
Matias Cardoso,428,12
Magda,428,10
Ivatuba,428,13
São Sebastião do Rio Verde,427,4
Campo do Tenente,427,20
Arabutã,427,10
Francisco Ayres,426,7
Novo Oriente do Piauí,426,13
Barra do Jacaré,426,7
Anitápolis,426,5
Ouro Verde de Minas,425,10
Pequeri,425,8
Caiuá,425,11
Nazaré do Piauí,424,13
Santo André,424,3
Oriente,424,25
Iracema do Oeste,424,5
Santo Antônio do Paraíso,424,5
Senador Rui Palmeira,423,13
Brotas de Macaúbas,423,9
Pedro Avelino,422,8
Chã Preta,422,11
Pedrão,422,5
Itaipé,422,6
Mathias Lobato,422,12
Mariana Pimentel,422,4
Altamira do Maranhão,421,14
Cocal dos Alves,421,6
Imigrante,421,8
Bonópolis,421,3
São Francisco do Maranhão,420,25
Água Nova,420,3
Planalto Alegre,420,14
Santa Rita d'Oeste,419,12
Ilópolis,419,5
Westfália,419,7
Indiavaí,419,13
Buriti de Goiás,419,9
São Pedro do Paraná,418,2
Erebango,418,4
Ourém,417,16
Sucupira,417,3
Serra Alta,417,6
Aurora do Tocantins,416,7
Paulistas,416,5
Mormaço,416,6
Carneiros,415,11
Santa Rosa de Lima,415,8
Teodoro Sampaio,415,9
Marliéria,415,17
Montividiu do Norte,415,6
Presidente Médici,414,3
Ilha das Flores,414,18
Alvorada de Minas,414,3
Cordisburgo,414,17
Moeda,414,13
Nuporanga,414,13
Maratá,414,4
Heitoraí,414,10
Panamá,414,8
Magalhães Barata,413,16
Centenário,413,7
Cajari,413,9
Dom Macedo Costa,413,7
Palmeiras,413,11
Ritápolis,413,13
Lutécia,413,7
São João Batista,412,17
Cacimbas,412,9
Brejo de Areia,411,11
Madeiro,411,6
São Pedro das Missões,411,10
Urutaí,411,6
Assunção do Piauí,410,9
Venha-Ver,410,5
Mãe d'Água,410,8
Cordislândia,410,3
Mirador,410,3
Irati,410,8
Cerro Branco,410,6
Dois Irmãos das Missões,410,5
Vieirópolis,409,6
Palestina de Goiás,409,11
Sapucaia,408,5
Abreulândia,408,8
Antônio Almeida,408,10
Maravilha,408,16
Telha,408,10
Mara Rosa,408,31
General Maynard,407,10
Salmourão,407,21
Wenceslau Braz,406,6
Analândia,406,5
Vanini,406,3
Carvalhos,405,2
Uruana de Minas,405,4
Marques de Souza,405,9
Poço das Antas,405,1
Jussiape,404,9
Senhora de Oliveira,404,8
Alto Alegre,404,23
Brejo Alegre,404,13
Carmolândia,403,6
Santa Maria Madalena,403,11
Saltinho,403,8
Vila Lângaro,403,2
São Patrício,403,9
Pau D'Arco do Piauí,402,5
Arantina,402,6
Tufilândia,401,6
Alagoinha do Piauí,401,13
Jacobina do Piauí,401,4
Patos do Piauí,401,11
Arapuá,401,3
São João da Mata,401,11
Mira Estrela,401,15
Pinhal da Serra,401,6
Taquarussu,401,8
Aparecida do Rio Negro,400,13
Ipueira,400,2
Érico Cardoso,400,5
Arvoredo,400,5
Passos Maia,400,13
Vespasiano Corrêa,400,8
Campo Alegre de Goiás,400,24
Monte Alegre de Goiás,400,6
Bento de Abreu,398,5
Franciscópolis,397,3
Lamim,397,4
Pequi,397,10
Santa Terezinha do Progresso,396,4
Paulo Bento,396,2
Ouro Velho,395,3
Jequitaí,395,10
Ariranha do Ivaí,395,4
Monte Belo do Sul,395,7
Reserva do Cabaçal,395,7
Palmelo,395,10
Novo Jardim,394,3
Bequimão,394,26
Marcos Parente,394,9
Reginópolis,394,22
Rubiácea,394,11
Riacho da Cruz,393,11
Sítio Novo,393,11
Natalândia,392,8
Itatiba do Sul,392,3
Turuçu,392,8
Monte Formoso,391,7
Rosário da Limeira,391,7
Nova Iguaçu de Goiás,391,9
Matinha,390,12
Caracol,390,17
Tanque do Piauí,390,1
Anhumas,390,8
Humaitá,390,11
São Geraldo da Piedade,389,13
Santo Antônio do Caiuá,389,9
Estrela do Norte,389,4
Ewbank da Câmara,388,14
Joaquim Felício,388,4
Pratinha,388,3
Lajeado do Bugre,388,17
Nova Nazaré,388,9
Barão de Monte Alto,387,14
Currais,386,3
Nova Luzitânia,386,13
Goiabeira,385,8
Vargem Bonita,383,4
Estrela do Norte,383,6
Tiradentes do Sul,383,8
São José do Alegre,382,7
Taquaraçu de Minas,382,9
Aramina,382,18
São Manoel do Paraná,382,3
Lajeado Grande,382,5
Tunas,382,14
Bernardino Batista,381,2
Santa Rosa da Serra,381,5
Taquaral,381,12
Novo Planalto,381,8
Jaú do Tocantins,380,13
Brás Pires,380,8
Cantagalo,380,7
São João da Lagoa,380,5
Meridiano,380,34
Esperança do Sul,380,15
Pilar de Goiás,380,10
Junco do Maranhão,379,2
Córrego Novo,379,13
Faria Lemos,379,7
Toropi,379,12
Pavussu,378,12
Pinhão,377,20
Bugre,377,13
Suzanápolis,377,12
Pedregulho,376,21
Icatu,375,15
Anhembi,375,11
Cambará do Sul,375,11
Morro Agudo de Goiás,374,7
Rio do Pires,373,11
Rio Doce,373,10
Altamira do Paraná,373,14
Ribeirãozinho,373,12
Lagoa Alegre,371,13
Caraúbas,371,6
Poço de José de Moura,371,6
Feira da Mata,370,6
Marilac,370,10
São José do Divino,370,3
Rolador,370,4
Vargeão,369,9
Jatobá do Piauí,368,10
Cortês,368,22
Cerro Grande,368,7
Praia Norte,366,9
Belém de Maria,366,8
Veredinha,366,1
Areias,366,2
Cristianópolis,366,4
Canhoba,365,7
Funilândia,365,10
Motuca,365,9
Faxinalzinho,365,6
Pinhal Grande,365,5
Pontão,365,10
Travesseiro,364,8
Gameleiras,363,5
Piquete,363,18
Santo Expedito do Sul,363,8
Pugmil,362,6
São Julião,362,14
Jesúpolis,362,7
Lagoinha do Piauí,361,9
Descoberto,361,11
Irajuba,360,2
Córrego Danta,360,7
Pontalinda,360,15
Mambaí,360,6
Bocaina de Minas,359,7
Pongaí,359,12
Bozano,359,8
Vale Verde,359,6
Santa Rita do Tocantins,358,2
Santana do Seridó,358,1
Oratórios,358,15
Ponte Alta do Norte,358,9
Guaraíta,358,13
São João da Varjota,357,2
João Dias,357,2
Buritizal,357,10
Tupirama,356,2
Matinhas,356,8
Minduri,356,10
Mesópolis,356,5
Pinhal de São Bento,356,1
Jeriquara,355,3
Vitória Brasil,355,9
Montauri,355,7
São Valentim,354,4
Marzagão,354,6
Peixe-Boi,351,4
Godoy Moreira,351,4
Fernando de Noronha,350,2
Mossâmedes,350,8
Vila Nova do Piauí,349,2
Maraial,349,13
Satubinha,348,4
Paineiras,348,6
Lucianópolis,348,6
São José do Jacuri,347,3
Lagoa Grande do Maranhão,346,10
Macururé,346,9
Recursolândia,345,7
Júlio Mesquita,345,14
Marema,345,13
Flores de Goiás,345,7
Catingueira,344,11
Salgadinho,344,6
Padre Carvalho,344,8
Emas,343,5
Lajedinho,343,1
Lavrinhas,343,5
Ribeirão Corrente,343,4
Castanheiras,342,9
São Miguel dos Milagres,342,15
Novorizonte,342,4
Presidente Kubitschek,342,7
São Félix de Minas,342,3
Barra Bonita,342,2
São Bento do Norte,341,2
Malhada dos Bois,341,7
São José das Missões,341,3
São João de Pirabas,339,44
Benedito Leite,339,2
Presidente Juscelino,339,1
Coivaras,339,5
Fama,339,1
Uniflor,339,3
Alcântara,337,20
Cajapió,337,7
Herveiras,337,3
Aloândia,337,11
Cuité de Mamanguape,336,16
São Domingos,336,2
Senador Modestino Gonçalves,336,8
Farol,336,8
Amaral Ferrador,336,12
Ernestina,336,9
Ponte Branca,336,6
Itajá,336,20
Wall Ferraz,335,3
Algodão de Jandaíra,335,1
Boa Esperança do Iguaçu,335,1
Perolândia,335,7
Bodó,334,1
Poço Dantas,334,4
Serra de São Bento,333,3
Muribeca,333,16
Álvaro de Carvalho,332,9
São Miguel da Boa Vista,332,8
Mimoso de Goiás,332,2
Capela Nova,331,5
Silveira Martins,331,11
Cumbe,330,4
Palmeirais,329,24
Boa Vista das Missões,329,7
Minador do Negrão,328,10
Campanário,328,6
Senador Georgino Avelino,327,6
Vila Flor,327,3
Contendas do Sincorá,327,6
Augusto de Lima,327,11
São Geraldo do Baixio,327,7
Parnaguá,325,10
Nacip Raydan,325,7
Olímpio Noronha,325,4
São Francisco,325,14
Quevedos,325,1
Passagem,324,3
São Francisco,324,12
Cascalho Rico,324,4
Caiabu,324,8
Itirapuã,324,8
São José da Bela Vista,324,18
Alto Alegre,324,2
Uirapuru,324,9
Santo Amaro do Maranhão,323,7
Turiaçu,323,7
Bela Vista do Piauí,323,7
Barcelona,323,8
Rubelita,323,3
Porto Alegre do Tocantins,322,2
Bom Jesus,322,3
Guarinos,322,9
Dom Inocêncio,321,6
Arambaré,321,9
Santa Tereza,321,4
Taquaral de Goiás,321,11
Taboleiro Grande,320,6
Jenipapo de Minas,320,7
Esmeralda,320,7
Corguinho,320,11
Catuti,319,4
Santa Clara d'Oeste,319,18
Milton Brandão,318,3
Abaíra,318,14
Ipupiara,318,6
Berilo,318,1
Paraíso,318,7
Muliterno,318,2
Desterro do Melo,317,0
Marmelópolis,317,7
Sossêgo,316,3
Monções,316,6
Gramado dos Loureiros,316,4
Galinhos,315,1
Altair,315,17
Parari,314,2
Santa Inês,314,3
São Félix de Balsas,313,3
São Félix do Piauí,313,4
Coronel Martins,313,3
Vista Gaúcha,313,13
Jupiá,312,6
São Cristóvão do Sul,312,17
Arroio do Padre,312,4
Ipiranga do Sul,312,2
Damianópolis,312,7
Estrela Dalva,311,8
Campos Novos Paulista,311,10
Fernão,311,2
São José do Barreiro,311,4
Santa Rita do Trivelato,311,4
Leme do Prado,310,3
Santa Terezinha do Tocantins,309,5
Curral Novo do Piauí,309,2
Braúnas,309,11
Couto de Magalhães de Minas,309,7
Boa Vista do Cadeado,309,4
Novo Tiradentes,309,0
Senador La Rocque,308,25
Aspásia,308,9
Ubiretama,308,3
Almas,307,5
Jurema,307,6
Pilões,307,9
Porto Mauá,307,8
Três Arroios,307,3
Campo Limpo de Goiás,307,19
Conceição das Pedras,306,4
Engenheiro Navarro,306,9
Novais,306,13
Buenópolis,305,13
Luiziânia,305,13
Miraselva,305,8
Rio Rufino,305,6
Entre Rios do Sul,305,4
Forquetinha,305,8
Alto Bela Vista,304,3
Paial,304,4
Santa Tereza do Tocantins,303,7
Peri Mirim,303,6
Vera Mendes,303,3
Jacuípe,303,4
Camacho,303,2
Santa Fé de Minas,303,3
Novo Xingu,303,5
Lagoa do Tocantins,302,8
Itutinga,302,3
São José da Varginha,302,1
Simão Pereira,302,13
Afonso Cunha,301,3
Eliseu Martins,301,15
Murici dos Portelas,301,11
Conceição do Lago-Açu,300,11
Piedade de Ponte Nova,300,9
Riachão do Poço,299,6
Boa Vista do Tupim,299,11
Congonhas do Norte,299,4
Lourdes,299,6
Santa Bárbara do Monte Verde,298,10
Santa Salete,298,7
Urupema,298,3
Lagoa dos Três Cantos,298,5
Hidrolina,298,11
Presidente Sarney,297,15
Duas Barras,297,7
Mirinzal,296,17
Pedra Mole,296,8
São Sebastião do Umbuzeiro,295,5
Guarantã,295,21
Sebastianópolis do Sul,295,8
Nova Roma,295,2
Tabocas do Brejo Velho,294,12
Bom Jesus do Oeste,294,6
Centenário,294,4
Ibiam,293,4
Iaras,292,21
Presidente Alves,292,8
Sabino,292,28
Luzinópolis,291,2
Anísio de Abreu,291,15
Olho D'Água do Piauí,291,3
Bonito de Minas,291,2
São José do Mantimento,291,3
Borebi,291,4
Cacimba de Areia,290,5
Monteirópolis,290,14
Luislândia,290,2
Sede Nova,290,7
Santa Cruz dos Milagres,289,2
São João do Tigre,289,6
Crisólita,289,3
Alfredo Marcondes,289,15
Coqueiros do Sul,289,4
Miguel Leão,288,3
São José do Brejo do Cruz,288,1
Florestal,288,13
Matutina,288,7
Diorama,288,6
Crixás do Tocantins,287,0
Jampruca,287,5
Vila Boa,287,4
Santa Bárbara do Tugúrio,286,5
Areia de Baraúnas,285,7
Itaoca,285,8
Monteiro Lobato,285,9
Jacuizinho,285,2
Piraquê,284,1
Rio da Conceição,284,2
Campestre,284,6
Formoso,284,10
Felício dos Santos,283,5
Itacambira,282,3
Macieira,282,6
Coqueiro Baixo,282,3
Cachoeira de Goiás,282,6
Mansidão,281,8
Pedranópolis,281,9
Figueirão,281,7
Dolcinópolis,279,7
Aparecida do Rio Doce,279,4
São Domingos do Azeitão,278,4
Aricanduva,277,0
Umburatiba,277,4
Santo Inácio do Piauí,276,6
Caturama,276,7
Salto do Céu,276,9
Jardim do Mulato,275,4
Angelândia,275,4
Estrela do Indaiá,275,0
Pedra do Anta,275,3
Porto Vitória,275,6
Carmésia,274,1
José Gonçalves de Minas,274,1
Painel,274,6
Santa Rita de Ibitipoca,273,3
Novo Lino,272,13
Medeiros,272,2
Itapuca,272,3
Arapeí,271,4
São João das Duas Pontes,271,10
Zacarias,271,10
Berizal,270,1
Chácara,270,10
Mato Rico,270,5
Pouso Novo,270,4
Lupércio,269,8
Marajá do Sena,268,7
Rochedo de Minas,268,4
Pedras Altas,268,4
Buritinópolis,268,3
São João da Fronteira,267,7
Capim,267,10
Palmeirina,267,9
Acaiaca,267,12
Água Comprida,267,8
Liberdade,267,9
Sucupira do Norte,266,7
Novo Santo Antônio,266,4
Coronel Ezequiel,266,4
Cerro Negro,266,4
Novo Machado,266,5
Santo Antônio do Palma,266,4
Sagres,265,4
Nova Aurora,265,5
Pedra Preta,264,1
São Domingos,263,10
Catolândia,262,1
Francisco Badaró,262,6
Guaraciama,262,6
Serranópolis de Minas,262,2
Tupiratins,261,3
Indiana,261,11
Linha Nova,261,3
Relvado,261,4
Bom Sucesso de Itararé,260,7
Itati,260,12
Santa Luz,259,8
Cajazeirinhas,259,1
Turmalina,258,5
Amparo de São Francisco,257,5
Francisco Dumont,257,6
Água Limpa,257,4
Angico,256,5
Brasilândia do Tocantins,256,6
Chapada da Natividade,255,2
Lajeado,255,5
Massapê do Piauí,255,2
Passagem Franca do Piauí,255,10
Itaverava,255,3
Lagoa,254,4
Serra Grande,254,7
Passa Vinte,254,6
Quartel Geral,254,3
Santa Cruz de Goiás,254,7
Cássia dos Coqueiros,253,1
Santa Rita do Novo Destino,253,10
Amparo,252,4
Ingaí,252,7
Presidente Nereu,252,4
Campinaçu,251,9
Domingos Mourão,250,4
São José do Piauí,250,9
Mato Grosso,250,2
Campinas do Piauí,249,1
Angelim,248,12
Jardim de Angicos,247,1
Lagoa de Velhos,247,10
Feira Nova,247,7
Teresina de Goiás,247,1
Nova Iorque,246,7
São Bento do Trairí,246,3
Santa Margarida do Sul,246,7
Adelândia,246,4
Taipas do Tocantins,245,0
Porto Rico do Maranhão,245,7
São José do Divino,245,12
Riachão,245,5
Piau,245,14
Santa Cruz de Salinas,245,3
Nantes,245,8
Piquerobi,245,8
Palmeirândia,244,18
Sítio do Mato,244,10
Quadra,244,8
Sério,244,7
Ipiranga de Goiás,244,11
Ibiracatu,243,3
Serra Azul de Minas,243,0
Lagoinha,243,16
Flor do Sertão,243,0
Matões do Norte,242,6
Riacho de Santo Antônio,242,6
Pedra Bela,242,4
União Paulista,242,6
São Valério do Sul,242,4
Nova Redenção,241,4
São Domingos do Cariri,240,5
Doresópolis,240,1
Milagres do Maranhão,239,0
Sem-Peixe,239,6
São José de Princesa,238,1
Materlândia,238,2
Guabiju,238,1
Dezesseis de Novembro,237,5
Mairipotaba,237,5
Pintópolis,236,5
Capão Alto,236,2
São José do Herval,236,3
Palmeira do Piauí,235,6
Mateiros,234,1
Senhora do Porto,234,1
Uru,234,5
Prata do Piauí,233,5
Natividade da Serra,232,14
Bom Progresso,232,3
Dilermando de Aguiar,232,5
São Gonçalo do Gurguéia,231,5
Caiana,231,7
Marinópolis,231,5
Muitos Capões,231,6
Bela Vista do Maranhão,230,20
Tenório,230,2
Jundiaí do Sul,230,9
São Francisco do Piauí,228,10
Juramento,228,3
Senador José Bento,228,6
Unistalda,228,4
São Vicente Ferrer,226,9
Gurjão,226,7
Cachoeira da Prata,226,14
Trabiju,226,4
Cruzaltense,226,6
Mariano Moro,226,5
Tupanci do Sul,226,3
São Salvador do Tocantins,225,4
Monte Alegre dos Campos,225,7
Olhos-d'Água,224,6
Santa Helena,224,4
Gentil,224,5
Japorã,224,8
Salgadinho,223,2
Canas,223,4
Douradoquara,222,3
Biquinhas,221,4
Caranaíba,221,4
Queluzito,221,5
Marabá Paulista,221,5
Sucupira do Riachão,220,4
Pirapó,220,17
Acauã,219,2
Dirceu Arcoverde,219,8
Coronel Pacheco,219,10
Socorro do Piauí,218,7
Monte das Gameleiras,218,6
Santiago do Sul,218,2
Canudos do Vale,218,6
Itabi,217,2
Amparo do Serra,217,9
Seritinga,217,2
Silveirânia,217,3
Onça de Pitangui,216,6
Pedra Dourada,216,2
Fruta de Leite,213,3
Santo Hipólito,213,2
Coronel Pilar,213,6
Santana do Maranhão,212,8
Olho d'Água Grande,212,9
Presidente Juscelino,212,6
Jari,212,3
Jerumenha,211,7
João Costa,211,3
Água Fria,211,13
Nova Guataporanga,211,4
São José do Povo,211,8
Cedral,210,5
Campo Alegre do Fidalgo,210,2
Campo Azul,210,0
Gastão Vidigal,210,17
Floriano Peixoto,210,1
Morro do Pilar,209,5
Serrano do Maranhão,208,5
Itaueira,206,27
Andrelândia,206,16
Fernandes Tourinho,205,14
São Sebastião da Vargem Alegre,205,4
Cruzália,205,6
Ponte Preta,205,2
Várzea Branca,204,12
Glaucilândia,204,7
Nova Aliança do Ivaí,204,2
Lavandeira,203,1
Santana do Piauí,203,7
Paulistânia,203,6
Diogo de Vasconcelos,201,1
São João de Iracema,201,7
Santo Expedito,201,6
São João do Pau d'Alho,201,1
Engenho Velho,201,5
Canavieira,200,7
Frei Lagonegro,199,5
Lagoa dos Patos,199,2
Santa Cruz da Esperança,199,4
Cunhataí,199,2
Benjamin Constant do Sul,198,2
Várzea,197,1
Zabelê,197,1
Santana dos Montes,197,0
Carlos Gomes,197,1
Dirce Reis,196,5
São Miguel da Baixa Grande,195,3
Monte Santo do Tocantins,194,6
Brejolândia,194,11
Pedras de Maria da Cruz,194,13
Caraúbas do Piauí,193,12
Paquetá,193,8
Chapada de Areia,192,3
Axixá,192,8
São José do Peixe,191,3
Torre de Pedra,190,11
Ipueiras,189,4
Bento Fernandes,189,3
Matos Costa,189,3
Fartura do Piauí,188,5
Flores do Piauí,188,5
Aroeiras do Itaim,187,2
Bom Jesus do Tocantins,186,3
Porto Alegre do Piauí,186,4
Cônego Marinho,186,2
Paiva,186,3
Turiúba,186,4
Betânia do Piauí,182,4
Santo Antônio dos Milagres,182,3
Belém,182,8
Pracinha,181,3
São João da Paraúna,181,3
Morro da Garça,180,9
Santo Antônio do Planalto,180,2
Lizarda,179,4
Pindoba,179,2
Catas Altas da Noruega,179,4
São Sebastião do Rio Preto,179,2
Israelândia,179,5
Pai Pedro,178,3
Arco-Íris,178,8
Timburi,176,10
Santa Cruz do Arari,175,11
Barra do Ouro,174,8
Godofredo Viana,174,5
Jundiá,173,5
Feliz Deserto,173,5
Amapá do Maranhão,172,6
Arraial,172,3
Mar Vermelho,172,3
Passagem,171,2
Olho d'Água do Casado,171,6
Barra do Rio Azul,171,1
Ibiquera,170,6
Davinópolis,170,8
Porto Vera Cruz,167,5
São Félix do Tocantins,166,3
Antônio Prado de Minas,166,5
São Raimundo do Doca Bezerra,165,3
Morro Cabeça no Tempo,165,4
Novo Alegre,164,7
Oliveira de Fátima,163,1
Bom Princípio do Piauí,160,13
São Martinho da Serra,160,6
Amaralina,160,2
Juarina,159,2
Brejo do Piauí,159,4
Jaramataia,159,3
Borá,159,1
Protásio Alves,158,6
André da Rocha,157,1
Óleo,156,5
Barra D'Alcântara,155,4
Vista Alegre do Prata,155,7
Caxingó,154,2
São Luis do Piauí,154,1
São Miguel do Fidalgo,154,4
Joca Claudino,154,3
São José do Bonfim,153,7
Ruy Barbosa,152,1
Nova Santa Rita,151,4
Grupiara,151,4
Anhanguera,151,7
Júlio Borges,150,14
São José dos Cordeiros,149,6
Sete de Setembro,148,5
Consolação,147,4
Tejupá,146,9
Dona Francisca,146,7
Olaria,145,3
Passabém,145,6
Alvinlândia,145,9
Santa Rosa do Piauí,144,6
Cândido Rodrigues,144,7
Garruchos,144,5
Paes Landim,143,8
Quixaba,141,2
Lagoa Santa,141,3
Capitão Gervásio Oliveira,138,10
Riacho Frio,138,4
Santa Inês,138,8
Quatro Irmãos,138,3
Jaupaci,137,7
Santo Antônio do Rio Abaixo,135,2
Serranos,135,1
Flora Rica,134,7
Sarutaiá,134,19
Inhacorá,134,4
Mato Queimado,134,4
Santa Filomena,132,4
Coronel José Dias,131,6
Casa Grande,130,4
Cachoeirinha,129,2
Barra do Guarita,128,8
Fortuna de Minas,126,2
Graça Aranha,124,3
Santo Antônio de Lisboa,124,5
Embaúba,124,10
Lagoa Bonita do Sul,124,1
Nicolau Vergueiro,124,7
São Nicolau,123,15
Oliveira Fortes,122,2
Coxixola,121,4
Bias Fortes,119,4
Redenção da Serra,119,5
Bacurituba,117,2
Piracema,117,17
Cândido Mendes,114,8
Barreiras do Piauí,114,4
Nova Castilho,114,3
Pedro do Rosário,113,8
Santo Antônio do Itambé,111,1
Itambé do Mato Dentro,110,5
Prado Ferreira,110,18
Aracitaba,109,11
Ivorá,109,1
Guaribas,108,2
Santana do Garambéu,108,3
Ribeirão dos Índios,105,6
União da Serra,105,1
Araçaí,104,1
Pajeú do Piauí,103,9
São Braz do Piauí,103,10
Floresta do Piauí,100,4
Santana da Ponte Pensa,100,4
Sítio d'Abadia,99,1
Lagoa do Sítio,97,13
Bela Vista do Toldo,95,5
Jatobá,92,5
São Francisco de Assis do Piauí,92,3
Jardim Olinda,91,2
Itacurubi,91,7
Serra da Saudade,90,0
São João da Ponta,87,10
Tapiraí,84,1
Cajazeiras do Piauí,83,2
Piedade dos Gerais,83,5
São João do Araguaia,82,11
Primeira Cruz,82,3
Pedro Laurentino,79,2
Francinópolis,76,6
Cedro do Abaeté,73,0
São João do Pacuí,73,3
Cristalândia do Piauí,70,4
São Lourenço do Piauí,68,3
Calmon,67,7
Moiporá,66,2
Monjolos,63,3
Tamboril do Piauí,56,8
Santa Filomena do Maranhão,51,1
Ribeira do Piauí,46,6
Central do Maranhão,45,3
Araguainha,41,1
Sebastião Barros,25,3
Pedro Teixeira,25,0
Boa Vista do Gurupi,15,4
Miravânia,10,2
